50
131
66 104
28 22
74 47
40 78
6 123
44 89
23 12
14 16
93 80
60 42
16 87
62 29
7 108
38 111
113 47
39 11
5 105
77 127
2 27
84 30
109 84
118 115
5 97
112 76
115 94
7 32
95 86
89 43
40 41
31 52
62 61
62 59
35 97
118 57
63 104
33 4
100 96
67 75
127 26
122 90
85 15
98 67
82 46
15 110
83 18
20 45
128 110
85 88
38 30
52 91
97 72
117 124
128 106
104 16
93 3
59 127
96 119
35 89
125 105
57 56
57 68
9 45
110 125
107 19
59 31
125 27
118 12
92 45
79 46
85 10
33 40
87 73
38 101
39 65
113 86
84 103
78 71
18 13
124 5
21 69
87 92
114 14
17 47
22 31
117 67
12 126
64 42
2 69
58 76
41 30
91 116
36 117
52 113
53 131
49 48
69 129
36 102
18 2
50 14
124 123
19 92
15 48
106 34
1 105
33 130
6 99
93 128
46 94
70 39
36 25
70 27
116 73
123 7
81 122
131 72
78 121
41 91
96 70
6 37
8 22
94 122
48 120
72 76
1 116
115 73
55 131
42 35
19 51
24 106
54 86
71
56 14
43 22
44 34
26 37
44 54
51 5
45 46
19 61
62 59
65 53
34 43
69 63
26 25
50 69
24 21
16 14
17 29
52 54
50 46
32 11
23 55
6 29
39 19
15 31
18 39
18 35
62 63
12 45
13 27
30 36
43 65
64 49
15 68
58 19
49 41
44 14
27 6
10 53
21 33
1 36
5 64
39 30
65 55
45 7
64 50
36 34
54 38
26 28
3 5
57 27
22 21
63 37
9 32
40 62
29 71
15 22
4 40
42 8
59 48
67 18
47 59
20 53
42 37
2 42
66 55
1 69
32 46
40 70
30 6
49 60
146
47 95
80 68
80 18
55 80
126 128
40 38
7 62
137 97
64 95
40 82
77 145
143 67
73 10
97 133
47 114
5 106
34 43
55 28
49 144
77 63
96 123
47 44
105 122
93 1
103 59
123 133
54 88
13 143
81 131
69 91
1 66
31 93
140 23
31 88
56 133
125 109
47 2
88 9
17 144
31 102
14 88
44 143
106 130
30 138
97 93
142 29
144 93
141 61
83 111
133 78
111 37
98 103
76 113
65 1
18 53
52 137
131 66
126 27
137 75
119 87
83 8
141 115
6 91
19 55
55 121
12 137
114 16
36 71
23 124
69 85
125 95
128 117
146 83
18 139
39 95
18 1
133 101
100 23
36 72
85 137
133 70
141 90
137 45
89 125
47 21
58 92
108 14
38 79
11 85
62 1
66 40
112 91
22 43
134 12
77 101
15 5
33 85
47 23
30 14
135 22
139 61
126 31
106 40
42 125
119 69
92 106
142 41
139 60
94 143
57 141
66 113
25 122
23 20
46 59
72 40
80 86
46 99
78 132
117 50
116 19
83 106
107 91
21 104
129 22
12 129
123 48
74 83
95 93
146 35
10 101
44 4
32 73
61 110
141 24
55 118
3 49
136 107
133 84
122 41
2 26
46 62
22 127
126 120
63 51
129 29
128
49 51
34 14
125 31
93 115
85 25
126 113
114 85
8 11
8 93
78 29
116 66
11 86
47 2
73 33
46 20
97 5
77 15
74 50
84 53
91 74
71 92
28 119
128 9
44 116
52 64
107 42
75 108
44 45
33 35
127 64
5 102
101 5
18 16
16 117
51 48
6 120
118 17
92 122
69 60
6 102
88 28
122 64
126 15
51 95
77 18
108 123
124 121
90 13
60 81
125 45
29 23
43 96
39 105
128 7
75 6
30 70
120 34
106 27
37 83
83 120
26 68
55 17
90 110
77 2
72 39
18 19
106 122
126 1
113 45
25 40
109 19
125 124
112 95
56 42
105 59
124 63
58 1
62 19
85 29
98 20
28 61
76 34
87 114
12 26
84 123
31 41
22 30
93 104
114 100
25 15
123 20
49 57
36 26
83 79
75 58
38 99
32 49
61 74
24 111
128 2
116 89
103 96
21 16
71 58
42 81
31 82
113 11
3 84
99 10
94 95
30 40
17 86
36 108
48 81
48 71
92 61
106 54
4 60
8 96
80 47
24 86
47 65
90 102
24 67
33 40
36 99
44 39
75
53 2
21 4
58 28
24 73
33 65
72 23
13 28
48 32
60 36
19 26
33 11
4 64
11 15
1 50
36 40
1 72
38 1
33 12
48 57
52 34
75 68
71 75
67 56
54 73
19 31
71 44
27 31
33 30
20 58
68 47
3 57
59 52
31 5
28 10
55 40
45 42
34 63
1 28
67 46
17 62
14 7
52 53
17 38
74 53
31 57
61 54
24 43
2 49
46 1
2 18
25 5
22 6
16 15
4 11
66 9
66 1
51 36
74 45
40 28
70 74
7 28
50 75
12 62
26 8
74 38
55 35
69 38
57 24
50 6
38 41
39 38
37 38
29 57
1 57
138
93 109
94 108
96 79
137 25
68 72
7 136
117 130
45 121
78 125
16 117
74 53
69 65
136 9
35 61
66 53
81 6
27 4
116 121
8 68
35 53
110 22
38 93
7 57
25 36
37 115
73 35
121 51
28 41
79 98
7 84
35 23
87 123
111 60
29 97
1 39
55 36
49 65
65 39
106 14
3 76
40 78
85 62
97 114
9 39
137 65
77 74
80 101
120 132
68 53
100 104
90 31
133 17
20 129
89 34
17 53
53 39
105 125
58 109
53 59
122 135
15 31
82 81
92 124
137 54
13 118
39 43
71 49
123 88
50 27
85 51
111 78
29 104
78 9
19 95
125 44
11 119
18 120
2 138
138 76
48 47
39 91
37 86
116 28
5 81
65 76
134 133
83 87
53 99
60 21
76 22
56 128
9 32
39 12
26 118
52 88
103 4
67 22
88 10
29 137
76 11
34 22
24 90
5 118
122 111
58 42
39 94
64 98
94 131
106 65
102 52
101 117
119 46
130 132
37 68
118 52
15 93
92 30
107 59
65 127
118 33
123 65
126 118
53 70
113 63
117 137
124 119
16 95
75 107
85 129
56 54
85 79
117 4
136 85
68 93
95 63
112 130
48 1
106
61 28
33 53
14 16
102 89
36 48
34 21
100 31
54 38
90 88
81 49
30 27
29 82
85 70
17 10
51 101
94 106
41 77
61 2
57 88
73 14
65 79
23 62
73 63
9 12
58 23
50 25
42 105
59 24
52 5
29 77
104 68
2 68
51 93
31 37
67 80
71 53
65 15
92 35
103 46
5 89
106 20
72 40
12 19
38 33
55 60
8 25
18 102
62 99
16 83
44 52
39 104
11 13
70 27
22 66
99 56
91 105
43 47
69 75
22 96
87 54
55 92
42 6
47 18
74 9
87 100
28 86
67 64
35 50
3 76
103 84
97 69
11 79
49 32
40 78
45 24
7 46
26 3
19 30
80 60
97 98
71 41
21 17
75 1
76 64
4 90
8 7
6 86
44 78
82 58
85 72
81 66
59 91
45 94
48 39
83 10
95 84
57 93
96 63
95 43
56 20
101 34
26 36
15 37
74 32
4 98
94
1 55
1 87
91 1
1 89
1 13
82 1
1 75
1 62
1 28
88 1
73 1
1 27
34 1
66 1
1 80
54 1
52 1
68 1
1 22
1 38
1 14
58 1
64 1
23 1
7 1
1 12
1 3
36 1
1 65
2 1
1 81
53 1
1 29
26 1
1 67
78 1
56 1
17 1
90 1
50 1
32 1
1 93
1 84
1 19
1 6
1 77
1 21
1 5
20 1
1 60
1 49
35 1
1 42
70 1
4 1
40 1
31 1
69 1
1 43
92 1
15 1
1 47
85 1
1 71
1 74
1 83
1 24
1 94
1 11
25 1
30 1
1 41
1 37
1 61
1 48
1 86
1 63
1 59
1 51
1 45
1 16
79 1
1 72
1 44
1 18
1 57
10 1
46 1
1 8
1 9
76 1
39 1
33 1
71
2 1
46 1
1 58
1 7
1 25
65 1
13 1
31 1
1 4
71 1
1 68
34 1
1 57
15 1
32 1
1 61
11 1
44 1
30 1
14 1
1 6
62 1
1 10
1 60
1 20
1 26
1 18
1 45
1 12
1 24
47 1
50 1
1 8
1 29
17 1
48 1
1 69
1 37
35 1
1 51
1 54
1 42
64 1
1 66
1 49
1 27
1 53
40 1
1 16
56 1
1 28
1 55
1 22
1 19
59 1
5 1
1 52
1 21
3 1
9 1
1 67
33 1
1 70
1 39
23 1
43 1
38 1
1 36
63 1
1 41
122
94 48
54 8
27 103
78 7
84 44
4 62
8 4
62 19
106 73
17 18
97 14
20 87
76 51
1 23
98 64
18 60
74 44
74 49
80 53
19 21
41 40
17 39
58 80
99 106
85 108
86 80
101 96
64 66
66 46
101 75
61 32
33 27
50 104
41 62
49 89
54 42
43 50
111 35
77 45
121 71
23 34
87 22
122 52
5 97
38 36
24 55
60 110
59 86
69 59
22 54
48 24
95 73
66 31
102 93
78 53
9 86
27 90
77 6
94 6
92 30
28 17
78 107
34 63
118 11
100 91
59 25
118 70
44 111
38 49
102 113
41 120
57 9
84 67
42 100
85 12
23 8
89 83
88 82
15 77
74 34
4 106
9 116
101 33
87 79
99 109
37 76
19 29
72 24
64 118
73 10
13 88
84 114
112 2
68 38
113 58
22 97
112 3
115 61
105 88
6 30
65 89
18 63
122 119
63 85
13 93
93 16
112 48
98 33
94 102
98 58
99 47
61 16
76 42
53 122
13 50
26 30
113 1
56 100
117 71
111 81
71 16
130
42 18
64 87
66 29
121 84
21 17
3 15
101 103
101 112
2 124
7 29
71 10
31 53
127 93
14 97
60 105
33 61
119 81
2 103
49 105
1 43
113 114
62 63
16 42
119 14
115 85
40 70
33 37
108 22
51 130
65 8
23 79
87 90
68 86
83 12
60 117
79 21
104 102
25 27
104 129
94 24
53 90
123 28
126 15
59 74
110 36
129 30
44 61
130 52
118 50
99 100
100 34
44 73
68 36
98 106
38 30
6 7
28 77
57 106
117 43
78 111
88 75
102 20
77 128
63 76
66 91
64 81
37 84
38 10
58 72
54 97
35 62
74 111
91 113
48 112
50 86
124 11
89 127
45 40
17 122
78 5
51 92
13 8
98 22
31 99
83 4
6 9
52 126
85 5
67 55
70 49
19 45
56 27
47 120
19 121
110 107
109 128
54 82
46 35
56 41
69 32
71 11
94 88
59 67
120 89
75 18
107 80
13 122
23 114
125 65
92 116
39 108
58 26
76 4
95 41
47 55
3 20
93 69
12 72
115 109
96 73
26 118
123 34
125 80
116 24
57 25
9 39
96 82
48 95
32 46
81
31 23
6 36
68 38
34 67
15 69
32 57
56 42
47 57
15 22
2 64
62 55
69 71
2 18
72 73
54 34
19 44
69 72
22 79
24 17
43 26
51 55
28 8
81 60
65 80
57 16
73 44
75 25
45 63
58 50
22 54
63 77
60 16
17 39
48 63
47 29
12 42
58 54
13 26
9 52
46 47
66 42
34 35
26 59
30 49
76 32
28 7
56 28
75 14
53 58
15 1
81 45
74 75
71 14
50 5
70 50
71 56
79 31
72 18
20 6
45 17
37 52
21 81
43 3
40 3
21 80
11 44
61 3
18 6
52 14
41 38
16 43
2 78
31 33
55 79
38 21
4 80
1 60
27 30
10 32
30 73
118
14 1
1 75
1 51
108 1
110 1
56 1
1 11
99 1
1 15
35 1
32 1
1 18
1 67
74 1
88 1
1 111
1 37
1 86
63 1
33 1
1 107
19 1
59 1
1 17
1 114
115 1
70 1
1 101
77 1
65 1
1 22
1 34
69 1
1 116
3 1
80 1
1 109
21 1
1 113
1 96
28 1
100 1
1 102
1 20
1 41
9 1
98 1
71 1
1 82
1 81
1 95
103 1
1 7
39 1
1 93
83 1
4 1
36 1
6 1
72 1
62 1
1 12
1 94
1 50
1 105
104 1
8 1
26 1
1 92
1 2
1 47
1 16
38 1
1 78
1 49
1 29
1 40
106 1
79 1
10 1
1 44
117 1
118 1
45 1
97 1
1 54
1 43
1 52
1 46
5 1
61 1
58 1
27 1
1 64
1 68
73 1
42 1
1 84
1 30
112 1
89 1
66 1
1 57
1 53
60 1
91 1
1 24
1 85
25 1
1 31
90 1
1 48
1 13
76 1
87 1
1 55
23 1
79
77 78
1 24
1 77
41 50
78 14
79 63
35 48
10 69
43 9
19 13
70 27
12 27
56 77
52 6
46 50
77 38
46 76
1 52
50 20
28 1
65 18
50 54
9 11
27 3
68 6
74 27
56 49
77 74
37 67
43 29
45 9
61 70
77 47
31 42
77 53
57 51
62 26
65 17
75 50
33 16
21 45
57 54
56 36
37 5
4 9
50 77
60 38
44 20
10 39
13 32
55 37
66 30
77 42
73 65
2 74
15 43
48 33
37 1
13 50
45 59
46 69
25 1
8 5
63 69
28 7
71 45
39 72
58 49
34 77
37 48
45 37
46 17
21 23
67 40
22 74
62 77
64 45
66 52
138
1 77
1 65
14 1
10 1
58 1
31 1
50 1
107 1
1 128
80 1
26 1
1 69
1 71
1 113
1 120
1 74
1 123
22 1
1 135
1 57
1 110
1 94
1 81
1 100
1 96
1 133
1 37
132 1
2 1
1 49
52 1
83 1
64 1
1 25
1 86
1 3
1 138
126 1
1 92
1 116
129 1
1 104
1 87
45 1
1 21
99 1
1 48
68 1
1 15
17 1
78 1
1 34
82 1
1 105
59 1
54 1
1 56
130 1
35 1
70 1
9 1
1 51
18 1
1 13
117 1
1 24
36 1
30 1
1 32
1 127
95 1
61 1
1 20
76 1
44 1
40 1
1 11
85 1
60 1
98 1
1 47
1 12
119 1
1 122
1 4
1 55
118 1
39 1
131 1
1 16
19 1
1 109
66 1
6 1
1 41
1 125
103 1
1 33
73 1
53 1
1 121
5 1
1 108
1 134
27 1
1 28
1 88
1 89
112 1
1 115
63 1
38 1
136 1
106 1
114 1
75 1
1 8
1 124
1 29
42 1
137 1
43 1
1 90
23 1
1 84
1 101
1 97
46 1
1 111
67 1
93 1
7 1
1 72
1 62
1 102
1 79
1 91
79
75 50
31 6
11 3
6 33
67 78
24 9
42 41
13 64
30 55
29 68
46 11
71 37
32 23
77 21
77 39
49 75
57 5
65 33
64 8
23 4
48 63
14 34
9 57
20 5
16 64
36 29
62 55
51 10
52 61
45 21
24 1
47 77
20 66
44 5
24 37
79 19
4 21
8 19
18 48
43 33
22 44
27 35
17 52
75 60
8 65
35 68
19 76
72 29
60 42
3 37
23 1
73 42
68 4
28 6
34 71
38 11
56 59
65 9
54 43
59 7
59 3
26 48
32 18
55 18
74 43
40 51
45 53
45 2
67 15
52 71
35 12
67 70
25 20
58 44
57 60
70 51
70 32
69 34
126
55 96
1 55
84 8
104 39
13 102
47 101
102 34
2 115
101 14
9 76
88 114
81 38
12 122
98 56
24 19
73 87
95 51
108 44
29 45
23 10
83 93
101 89
62 18
125 31
14 7
37 99
122 32
59 57
72 111
1 101
102 70
77 31
102 30
38 19
48 35
101 122
97 15
118 59
74 73
121 112
51 55
94 45
121 93
103 98
40 118
66 39
52 102
121 54
108 4
91 26
111 23
93 9
21 45
53 104
100 1
99 116
101 98
67 21
124 126
68 89
16 6
50 47
36 43
25 116
102 46
18 98
21 114
57 6
24 5
86 93
106 2
108 21
43 14
61 90
35 91
42 118
108 101
8 64
41 86
47 19
30 28
26 64
90 101
80 63
27 24
115 101
117 72
88 110
77 80
49 53
10 75
91 119
20 28
63 17
108 85
11 22
89 78
105 4
63 47
79 6
93 126
23 53
26 34
26 1
3 82
52 82
37 114
107 10
58 108
69 72
23 22
6 64
31 71
60 102
78 33
111 45
109 30
54 97
65 113
17 120
121 102
87 48
37 123
23 65
64 92
136
1 87
104 1
101 1
1 35
1 49
27 1
36 1
133 1
1 134
1 69
1 122
1 78
100 1
1 127
1 18
1 50
1 11
1 56
1 47
1 73
1 136
125 1
1 66
124 1
1 131
45 1
94 1
60 1
113 1
1 51
119 1
4 1
1 16
32 1
1 55
1 117
31 1
103 1
29 1
1 2
39 1
1 85
129 1
1 41
5 1
33 1
1 48
1 80
46 1
1 90
1 72
52 1
54 1
1 37
59 1
1 79
8 1
1 96
1 110
108 1
1 13
91 1
1 76
62 1
1 118
1 105
1 112
84 1
1 98
40 1
1 128
21 1
1 71
1 34
1 81
107 1
121 1
86 1
1 7
44 1
1 30
17 1
61 1
1 25
68 1
1 114
123 1
106 1
1 70
1 77
1 97
1 135
83 1
43 1
12 1
23 1
1 38
53 1
1 74
1 42
93 1
3 1
1 95
1 102
1 22
1 58
1 132
28 1
1 10
1 67
92 1
1 120
1 9
65 1
1 15
6 1
1 109
116 1
1 20
19 1
99 1
82 1
89 1
1 75
1 130
1 24
1 63
126 1
1 14
1 26
1 57
64 1
1 115
88 1
1 111
74
69 16
17 40
35 32
54 52
54 51
11 66
43 2
6 74
63 13
46 47
4 14
18 68
61 70
70 73
26 60
36 62
29 20
60 67
42 44
39 12
26 32
71 28
59 39
36 24
65 6
21 48
57 61
42 37
41 46
73 18
12 48
10 58
45 24
64 58
53 35
71 2
21 66
30 38
27 72
49 68
19 3
27 31
33 50
74 23
25 16
34 33
28 30
5 64
45 69
10 65
55 40
14 53
63 23
22 56
11 7
50 67
17 41
62 59
15 5
8 31
1 37
43 15
4 52
34 8
7 56
9 38
25 72
44 55
47 57
29 3
9 51
49 13
22 20
113
59 93
50 104
44 13
95 16
43 6
31 85
109 12
38 45
26 14
27 5
61 10
40 29
100 84
2 79
63 46
36 70
88 96
32 89
7 94
41 61
105 110
17 21
64 18
54 42
9 59
94 48
102 11
51 76
70 98
82 103
66 67
86 18
104 77
58 20
81 24
75 56
92 28
50 37
110 54
91 28
19 77
4 109
39 74
73 53
37 49
49 35
86 97
79 69
3 106
87 69
63 83
19 80
84 25
34 76
67 78
15 34
5 62
8 89
48 57
78 64
58 35
2 52
20 98
17 99
55 40
65 112
71 90
90 41
6 60
29 16
96 111
97 68
113 103
45 30
106 42
1 65
51 92
8 21
87 85
107 36
62 113
39 43
102 4
112 52
22 46
83 81
44 66
56 105
23 57
101 32
12 9
60 72
101 33
108 23
68 14
55 82
73 22
53 91
88 71
95 47
11 31
7 33
47 25
75 74
15 80
38 107
10 93
26 27
13 108
72 100
111 30
24 99
129
56 53
2 69
14 62
4 120
129 64
117 11
48 79
83 8
111 116
100 79
74 81
104 59
123 22
86 40
53 25
98 10
74 1
31 34
12 47
27 88
10 49
96 91
36 13
66 129
39 42
76 19
18 19
118 103
111 18
11 24
117 67
47 71
37 75
109 90
75 108
123 41
61 64
80 20
92 107
93 13
24 7
33 89
15 108
3 15
78 124
80 81
113 114
107 16
115 77
110 102
39 26
42 34
87 112
127 28
54 73
70 51
52 43
28 8
46 58
17 102
103 76
61 59
121 7
58 94
23 109
52 32
5 44
95 16
68 17
51 55
6 21
25 97
122 84
23 110
46 9
73 12
96 43
30 68
2 22
85 90
9 82
32 106
56 54
63 55
36 119
104 115
29 125
98 45
101 112
49 116
88 5
57 21
66 82
120 101
45 50
38 95
63 97
3 65
60 127
125 72
122 121
92 89
62 35
126 67
99 77
93 14
6 78
114 65
50 57
84 119
87 70
105 126
113 128
31 72
44 4
118 94
37 35
29 33
60 26
20 71
99 38
105 124
41 85
48 128
100 86
27 69
40 106
91 30
95
15 91
2 16
51 84
61 81
76 28
36 24
27 23
7 2
47 23
23 60
45 92
50 18
83 23
13 64
60 89
12 32
46 35
63 42
25 37
75 78
69 60
28 17
50 11
69 66
34 14
95 86
50 83
4 68
62 57
8 82
17 5
31 65
84 31
12 95
73 95
22 19
76 29
6 92
30 17
91 38
68 23
10 71
45 37
41 26
21 71
47 20
91 26
40 90
68 57
18 17
13 18
83 1
77 24
22 46
70 13
59 79
61 60
80 48
10 53
34 33
50 88
74 6
49 6
55 56
33 44
3 15
23 71
92 39
2 56
67 55
59 13
52 95
58 7
51 72
94 6
1 8
45 12
43 19
20 51
93 60
2 54
1 92
40 57
19 18
77 62
54 9
75 47
44 20
9 87
69 48
33 85
45 56
42 55
91 1
134
117 63
82 37
60 3
56 93
39 21
11 72
92 82
24 30
9 131
2 57
37 32
26 15
53 122
38 60
102 110
1 3
94 110
73 23
126 20
1 39
79 99
101 47
64 34
113 21
28 41
111 7
11 96
108 113
51 8
29 1
74 50
46 65
90 51
16 106
44 95
34 59
128 22
114 85
40 50
43 3
35 61
21 70
42 63
40 55
76 113
34 13
71 94
1 117
73 27
95 123
11 61
44 94
107 93
110 45
64 84
25 125
102 119
88 100
61 134
127 70
47 34
6 3
7 20
117 18
11 128
126 12
62 9
99 100
78 74
36 134
30 19
110 61
107 37
97 37
14 43
66 9
3 99
93 5
102 83
80 5
45 31
62 67
52 40
44 120
48 103
49 64
115 44
68 70
102 87
113 116
109 124
98 108
1 61
92 104
47 1
44 53
30 25
62 77
11 112
91 75
47 118
92 62
111 3
134 58
90 11
132 105
110 27
3 103
54 104
39 85
33 60
11 132
99 10
106 98
130 109
46 45
115 81
107 121
82 25
26 102
57 32
75 81
102 28
89 61
129 118
4 84
62 50
133 19
17 38
86 113
109 101
92 1
69 66
107
99 19
48 6
73 76
6 3
101 29
44 104
98 100
107 85
12 38
94 55
93 54
1 57
24 20
19 14
64 63
80 32
14 72
60 13
28 73
45 8
67 50
79 91
1 5
34 94
59 103
4 50
46 32
73 61
19 83
25 23
93 98
17 71
106 29
5 40
11 59
41 74
7 39
88 72
92 47
56 76
85 16
8 2
14 58
52 47
25 2
77 35
7 67
81 60
54 20
68 35
44 55
91 31
74 56
20 87
94 89
85 50
75 65
59 55
29 76
38 90
98 71
11 60
32 36
96 25
70 100
22 43
10 100
53 46
92 69
2 58
49 65
103 36
49 69
91 9
38 92
82 71
44 21
95 11
78 37
103 5
62 80
84 63
8 66
78 33
95 42
30 43
15 7
57 56
67 43
27 80
65 102
78 54
72 105
95 51
74 6
4 57
58 4
86 47
9 35
93 40
49 63
9 36
40 69
41 18
97 46
26 41
60
1 31
1 24
1 16
60 1
54 1
17 1
1 37
1 56
7 1
38 1
18 1
5 1
1 55
1 51
1 12
44 1
23 1
28 1
1 53
1 32
52 1
10 1
1 33
21 1
1 11
49 1
1 3
1 14
30 1
2 1
1 47
1 27
45 1
1 50
1 8
9 1
1 4
13 1
1 41
1 34
1 15
42 1
57 1
1 39
1 25
26 1
19 1
1 6
1 40
1 46
43 1
1 36
29 1
1 35
1 48
20 1
1 58
1 59
22 1
78
7 46
18 4
10 2
75 19
30 39
43 71
73 77
8 45
78 9
29 39
13 54
17 22
31 35
28 45
22 33
51 61
23 9
72 1
65 51
57 69
78 64
72 49
4 50
56 70
63 42
37 64
74 43
26 33
36 66
76 50
21 25
34 28
8 36
25 40
49 56
26 5
24 44
10 73
20 15
38 17
16 38
31 24
21 62
58 7
75 59
27 71
15 6
47 16
12 37
5 52
53 34
44 57
27 29
14 68
11 32
59 66
32 6
2 69
35 19
23 3
63 3
65 41
55 67
54 46
55 52
18 40
60 53
62 77
61 58
60 12
11 48
48 67
20 42
70 30
13 68
14 74
76 41
63
1 32
1 60
1 30
1 27
25 1
1 11
55 1
1 41
1 50
1 61
10 1
49 1
1 3
1 63
1 5
43 1
1 19
33 1
1 2
1 31
45 1
1 22
54 1
1 46
57 1
1 9
14 1
4 1
1 42
38 1
1 56
17 1
1 58
1 6
44 1
21 1
18 1
34 1
37 1
52 1
13 1
24 1
40 1
1 15
16 1
53 1
12 1
1 7
20 1
1 28
1 8
62 1
35 1
51 1
1 39
59 1
36 1
48 1
1 47
1 26
1 23
29 1
138
111 114
57 40
74 24
19 22
24 68
61 54
35 76
42 60
49 80
64 101
10 69
47 107
109 21
70 91
32 25
46 125
103 134
10 13
6 5
78 49
9 113
3 103
132 69
122 104
92 25
56 26
114 116
14 48
117 4
2 119
121 130
65 36
6 33
50 135
8 78
97 26
21 51
104 29
45 18
5 11
71 35
48 73
115 47
29 84
44 43
23 124
60 89
96 72
101 14
137 87
40 38
16 135
138 17
80 123
54 8
127 128
83 116
2 15
137 112
128 138
108 106
105 65
81 115
89 88
45 63
133 121
64 37
57 43
96 59
3 87
30 4
62 7
131 134
66 90
136 41
99 66
77 85
27 20
46 36
15 59
62 86
118 130
100 61
82 94
112 27
95 71
129 136
102 42
82 1
88 20
34 79
33 126
94 17
127 99
67 84
97 110
37 19
75 98
120 39
109 16
31 32
95 52
58 38
77 53
105 133
132 118
92 91
125 81
86 28
12 119
41 58
90 63
31 67
11 131
39 107
50 68
98 7
51 117
34 23
44 53
74 79
85 56
124 83
13 122
75 30
55 73
70 102
76 106
111 9
12 52
108 126
93 100
28 22
93 18
123 120
110 72
129 113
67
58 1
22 27
7 1
45 55
10 23
43 46
14 42
56 19
32 30
26 30
16 2
65 67
54 13
61 62
33 19
24 18
36 67
4 8
46 16
6 2
48 32
20 50
58 37
4 9
52 59
49 19
64 60
39 23
66 1
35 7
19 20
31 21
21 40
63 8
22 64
52 26
60 61
11 9
62 17
51 41
10 5
30 12
66 3
32 29
20 53
51 46
40 1
3 55
31 25
1 60
42 66
60 46
34 16
61 9
60 18
18 44
28 66
39 61
58 13
30 49
65 57
20 38
1 15
40 49
8 47
57 60
65
20 38
3 41
56 64
1 19
24 61
5 59
55 10
42 1
33 2
16 47
2 18
17 22
1 64
32 61
40 20
29 13
35 60
34 11
20 6
43 53
21 8
37 20
46 41
47 41
9 61
37 34
22 48
14 37
62 49
30 44
3 36
54 9
53 32
1 47
9 13
19 25
58 45
63 49
27 42
2 65
57 4
51 5
12 19
4 1
19 35
59 39
20 61
62 26
19 22
64 23
48 15
29 28
20 62
45 12
44 23
1 65
50 9
26 7
42 37
17 52
1 21
59 41
9 55
31 49
95
1 22
32 1
1 76
69 1
1 2
1 20
1 79
1 53
16 1
1 7
1 14
1 26
73 1
1 44
1 65
1 56
1 93
1 5
4 1
94 1
1 85
71 1
51 1
42 1
1 48
1 24
37 1
78 1
1 74
1 50
1 33
34 1
1 52
89 1
1 49
61 1
1 23
1 30
1 92
86 1
40 1
11 1
46 1
8 1
12 1
70 1
1 13
91 1
1 29
1 25
1 59
1 60
1 83
47 1
67 1
90 1
1 88
43 1
1 58
1 35
36 1
9 1
1 18
80 1
6 1
1 21
1 55
1 54
1 77
1 82
75 1
1 39
15 1
68 1
27 1
81 1
1 72
1 84
38 1
1 28
1 31
17 1
1 3
45 1
63 1
95 1
1 64
41 1
57 1
19 1
1 66
10 1
1 62
87 1
112
109 84
25 24
43 9
16 33
98 14
47 35
80 57
11 110
7 86
55 86
48 8
3 2
73 103
89 70
51 77
39 9
38 39
88 54
49 37
27 54
21 82
39 1
17 84
78 70
5 81
111 31
25 74
35 91
10 3
37 9
18 2
46 62
86 105
111 22
90 70
5 9
61 64
63 57
18 68
35 15
24 107
31 108
29 103
93 42
1 101
86 69
10 40
52 12
2 62
72 95
107 6
72 104
53 102
96 80
44 82
50 24
36 61
52 1
70 60
43 8
42 87
73 106
85 79
4 84
83 15
100 91
2 65
20 77
84 66
99 110
62 76
35 28
104 85
85 1
22 2
86 77
85 62
1 34
6 1
35 23
57 59
35 61
36 56
19 17
105 97
92 33
71 37
94 23
2 14
86 2
70 85
54 17
29 19
57 13
53 107
59 87
71 45
84 41
30 110
9 110
9 47
112 69
10 26
32 44
92 44
44 62
58 29
67 54
75 88
59 9
19 2
135
71 75
8 79
123 28
54 68
114 82
103 113
65 109
73 33
117 50
66 31
97 34
57 10
99 35
81 98
128 85
115 64
102 16
7 47
21 129
78 51
67 131
74 95
12 93
14 52
129 89
13 6
67 105
85 118
44 58
81 107
116 22
134 58
57 44
37 46
79 32
125 64
127 41
55 49
108 38
112 115
109 135
82 122
40 7
89 99
70 93
130 19
119 61
97 121
6 18
131 62
106 38
100 128
30 10
39 20
110 60
56 49
29 54
122 125
15 94
120 53
91 96
113 76
80 35
98 130
45 53
36 114
133 87
96 4
135 42
16 56
48 25
51 43
88 77
132 73
91 95
123 2
1 45
100 46
26 13
86 11
65 40
24 108
59 23
104 66
24 9
101 75
33 107
14 22
120 12
25 23
74 5
19 87
21 84
36 15
37 47
3 72
104 50
70 101
134 124
39 92
117 126
124 60
127 86
59 69
32 3
92 29
17 111
30 4
63 27
90 106
31 112
126 103
78 52
71 83
72 133
2 62
63 26
77 121
118 119
110 11
55 88
116 18
68 42
17 76
90 83
27 102
34 5
8 28
43 48
94 80
132 61
69 111
9 41
105 84
106
27 65
93 10
21 22
56 40
28 66
93 91
106 103
18 28
32 60
75 60
100 11
20 23
56 65
35 101
8 93
103 37
26 53
63 98
17 38
79 90
13 45
48 14
51 99
1 42
76 77
64 73
26 75
43 18
90 14
81 17
19 3
21 11
52 69
6 43
57 6
46 47
83 70
24 100
103 57
86 67
77 96
60 43
62 9
55 16
12 75
95 85
98 96
31 35
12 5
30 70
64 105
84 34
97 79
2 40
17 82
47 7
32 69
105 38
54 41
87 67
36 9
69 49
89 54
88 9
15 48
64 95
26 80
20 58
33 3
50 16
35 97
92 45
34 39
51 78
72 21
70 97
61 74
1 18
16 104
94 73
66 91
73 29
40 102
32 34
55 47
55 6
65 71
59 98
12 4
57 67
54 11
95 68
48 44
74 24
14 96
105 42
62 51
42 90
20 24
56 66
79 62
91 3
45 38
74 25
28 100
137
136 102
109 2
104 103
24 98
103 16
95 75
68 75
101 64
125 42
11 61
135 5
110 19
38 21
75 117
80 69
65 14
50 136
86 47
137 132
20 79
5 47
59 23
103 6
81 98
35 113
86 105
20 81
86 102
2 88
14 12
56 2
80 60
120 46
34 59
110 66
91 62
17 58
107 8
83 44
118 116
8 13
1 101
127 121
130 85
49 42
136 9
137 107
87 8
47 120
68 94
83 112
35 124
110 89
26 84
25 123
122 30
93 39
74 93
77 18
96 13
64 34
90 101
25 11
130 52
55 93
71 55
29 69
25 115
22 32
122 6
121 99
105 11
121 77
71 33
98 57
97 51
72 34
40 68
1 131
70 61
18 69
81 48
82 67
26 6
92 91
97 102
82 30
118 128
35 109
41 28
30 131
106 20
27 26
119 32
38 114
120 4
29 10
95 7
36 29
109 122
15 58
78 53
14 126
43 96
96 111
87 131
72 118
107 42
95 108
91 67
12 82
80 129
32 13
58 61
100 76
87 117
59 38
90 48
77 130
5 3
137 63
54 100
73 53
64 105
97 45
133 23
18 90
71 31
41 134
48 55
72 100
117 19
41 12
67 83
19 53
23 37
111
52 79
49 54
83 85
22 20
56 43
15 103
6 40
8 63
31 95
57 77
102 54
45 80
51 49
18 27
7 48
13 2
13 84
58 1
37 77
91 48
63 69
14 72
19 57
66 23
69 28
105 16
17 35
40 109
38 37
98 25
108 82
3 41
109 17
83 33
28 106
14 70
93 50
107 4
47 44
87 39
86 10
104 34
26 90
111 15
66 76
45 2
106 67
46 12
29 94
68 89
26 7
99 95
100 36
80 6
62 81
96 102
75 47
30 99
3 76
71 101
25 9
87 78
11 72
88 64
86 55
65 59
74 110
93 97
108 38
42 101
10 53
61 107
5 30
46 41
82 98
71 9
44 81
51 4
59 61
32 78
70 92
65 73
21 85
24 60
73 31
29 21
79 74
22 56
50 19
20 103
18 100
111 8
84 42
27 43
11 60
24 91
110 53
55 62
36 88
32 104
92 39
16 97
58 35
52 23
89 90
94 105
67 33
34 64
68 12
96 75
104
26 48
12 58
68 61
2 103
99 81
28 13
97 102
39 56
95 18
21 20
41 62
73 41
3 64
6 3
22 92
98 96
54 51
32 86
13 35
33 66
46 24
31 74
8 56
42 10
96 78
64 72
5 49
40 30
2 20
32 62
18 82
14 7
53 30
29 39
7 55
14 59
88 97
35 52
47 48
75 33
12 43
62 18
70 96
102 28
80 47
10 44
104 14
72 101
1 69
91 4
1 62
100 86
55 90
1 64
86 37
70 45
80 43
75 9
69 91
13 53
79 15
1 47
67 76
11 31
38 80
47 39
74 89
63 1
13 34
57 50
51 28
87 29
24 14
66 25
62 24
99 83
38 94
68 49
62 67
33 47
22 39
58 16
64 13
80 31
65 60
99 72
2 56
98 99
100 57
85 18
77 31
16 93
15 41
71 76
23 41
80 17
75 27
64 84
36 86
69 60
49 28
24 19
10 6
105
1 37
1 74
1 76
1 90
67 1
62 1
53 1
65 1
33 1
31 1
15 1
1 19
30 1
1 73
50 1
1 45
1 38
1 7
1 91
1 47
1 34
1 32
100 1
1 21
96 1
56 1
9 1
69 1
5 1
1 94
1 63
55 1
75 1
29 1
1 86
71 1
99 1
98 1
1 85
1 14
1 22
27 1
13 1
1 64
1 11
12 1
1 35
89 1
1 70
44 1
87 1
46 1
1 54
81 1
1 42
68 1
84 1
1 88
18 1
39 1
28 1
4 1
6 1
1 77
72 1
1 97
40 1
93 1
1 83
1 16
66 1
1 36
1 51
17 1
1 61
43 1
1 59
1 41
1 20
1 26
1 105
1 78
1 79
1 8
48 1
1 80
1 92
1 60
103 1
1 82
102 1
25 1
24 1
1 23
57 1
1 101
1 95
58 1
104 1
1 52
1 10
3 1
49 1
1 2
121
98 38
24 87
57 52
17 35
61 106
67 19
71 101
115 79
31 84
95 62
25 51
80 86
18 45
65 18
43 85
15 45
39 47
3 89
64 50
44 53
59 41
23 73
117 40
118 117
9 44
33 6
102 98
60 76
6 69
17 94
14 9
81 114
5 49
40 78
2 21
8 33
74 113
21 96
68 42
39 10
75 11
34 62
112 82
86 34
96 29
26 108
22 30
59 11
38 69
107 58
83 79
104 55
48 77
63 105
110 106
74 32
92 66
36 42
112 90
4 58
15 12
81 82
50 8
119 16
110 75
99 31
5 54
70 99
91 116
72 64
120 111
103 97
48 116
43 70
77 13
60 30
85 115
2 91
19 102
56 1
3 7
83 16
68 92
28 100
51 61
104 121
118 27
93 13
53 47
90 84
22 66
54 111
113 29
52 88
73 121
78 97
71 26
28 35
76 108
10 36
14 65
103 93
72 25
4 105
120 56
49 46
87 63
23 119
94 7
32 109
24 46
95 67
80 100
107 20
88 12
109 41
55 20
89 37
27 57
114 101
67
17 65
27 57
17 26
52 60
48 3
20 1
41 10
36 45
61 2
21 28
15 46
63 9
50 38
40 51
58 33
29 60
4 47
67 42
47 22
33 11
61 53
13 9
24 44
20 34
66 30
16 39
64 46
31 51
12 67
35 37
41 22
8 5
5 4
30 49
25 57
6 55
23 55
36 10
58 18
7 52
6 35
39 63
16 38
31 64
43 59
43 28
27 34
42 37
21 26
19 3
19 66
59 14
50 48
25 29
56 62
45 53
54 18
7 65
12 24
8 32
54 32
49 44
13 14
15 56
62 11
40 23
102
31 46
23 86
63 52
96 34
40 54
29 66
27 77
84 22
51 63
19 98
20 31
95 37
8 73
90 61
91 77
94 26
49 27
52 6
16 7
80 84
47 86
7 64
64 94
87 83
48 72
36 9
22 33
13 18
99 85
20 50
82 81
35 88
62 70
21 28
34 59
35 71
65 41
56 74
43 66
83 102
57 61
40 100
78 32
67 95
82 48
69 65
15 32
30 79
50 26
25 19
54 73
70 79
89 71
11 2
44 6
46 25
38 29
69 45
10 57
15 12
88 76
55 75
37 43
78 42
21 60
93 60
14 74
68 47
85 41
98 67
1 89
101 58
38 90
93 30
96 24
11 49
59 17
80 58
101 42
24 51
56 4
44 81
4 62
87 97
97 8
55 99
53 92
68 14
72 12
76 23
102 91
75 100
16 2
17 5
92 28
3 36
9 33
45 13
5 53
3 39
39 10
62
39 5
40 23
36 6
61 11
41 7
39 33
32 26
53 55
54 42
19 21
21 50
18 27
46 9
38 60
20 14
14 3
38 34
12 45
59 52
56 52
54 1
28 57
40 8
10 14
10 29
30 49
22 32
48 47
38 45
21 1
44 62
24 33
43 35
33 52
26 55
1 61
58 51
6 54
28 10
2 58
38 14
45 15
40 58
38 25
37 43
17 9
7 47
44 16
13 51
51 18
7 30
31 59
16 10
1 40
38 4
10 30
10 54
33 32
52 16
9 56
40 35
94
79 7
85 40
19 76
74 8
42 75
51 79
10 70
55 20
47 20
73 4
37 78
6 73
84 85
6 72
65 60
64 84
50 56
91 93
24 66
3 45
29 26
28 93
67 60
43 23
39 25
83 94
14 50
18 22
38 62
41 94
24 15
12 83
53 40
90 68
87 66
77 56
39 86
67 54
26 28
69 89
75 37
14 41
71 2
49 90
27 15
12 61
38 35
7 33
11 32
46 77
1 35
49 34
80 13
31 81
72 81
9 51
3 91
59 57
48 92
47 16
44 45
52 27
10 62
5 63
21 58
32 33
46 80
43 30
11 74
36 65
34 16
78 25
63 92
44 58
61 17
69 30
82 22
21 42
13 48
88 57
29 31
19 88
89 18
9 82
8 2
55 87
23 17
59 68
70 86
53 4
52 5
64 54
36 71
122
1 18
2 1
50 1
1 116
1 27
1 4
90 1
71 1
1 41
93 1
62 1
76 1
1 115
78 1
1 79
47 1
30 1
1 103
1 7
86 1
113 1
80 1
118 1
1 119
1 11
1 60
1 75
38 1
1 102
13 1
1 59
1 57
1 84
1 85
1 100
68 1
1 17
1 33
42 1
1 29
1 14
1 77
1 94
1 70
117 1
92 1
1 53
22 1
40 1
1 9
24 1
1 101
43 1
1 108
1 82
1 15
36 1
26 1
98 1
10 1
121 1
1 56
69 1
81 1
21 1
72 1
1 16
1 91
104 1
49 1
1 5
65 1
32 1
83 1
105 1
1 122
1 12
48 1
44 1
1 97
109 1
39 1
1 28
64 1
1 88
63 1
23 1
1 52
1 114
95 1
1 34
1 107
1 87
25 1
1 67
1 3
1 6
58 1
1 35
74 1
1 73
55 1
19 1
120 1
112 1
106 1
51 1
1 8
111 1
1 31
1 46
1 99
45 1
1 61
89 1
1 54
20 1
37 1
96 1
1 110
1 66
147
59 134
135 107
106 47
69 58
88 54
142 71
46 54
144 7
122 42
21 70
128 23
2 132
36 120
82 99
82 133
61 86
59 47
19 57
133 116
113 127
56 114
119 75
23 139
21 26
28 18
89 88
69 6
131 3
55 137
130 2
37 23
16 112
64 134
141 51
124 81
121 28
123 1
115 116
90 1
49 31
20 24
63 119
42 108
50 147
134 118
86 88
71 56
16 78
136 100
107 127
113 100
143 67
123 131
94 65
5 84
35 41
90 61
73 132
136 45
114 103
87 72
69 53
80 113
5 78
103 44
126 84
61 78
54 111
110 144
62 82
21 12
86 59
33 20
5 120
140 105
89 146
49 137
104 3
143 137
94 147
28 48
129 100
52 38
20 30
139 105
32 133
17 51
73 76
116 74
16 144
124 77
33 10
3 18
2 4
104 119
124 104
29 103
125 40
129 14
72 25
12 55
13 66
89 11
94 38
84 22
39 47
105 85
112 102
58 56
93 33
43 49
51 12
142 123
8 136
72 127
139 65
107 91
95 132
55 131
40 18
122 79
142 24
79 96
79 109
122 32
58 57
117 129
83 143
42 9
95 13
101 30
80 90
112 27
145 38
114 35
97 30
24 95
98 13
73 60
35 15
80 65
138 147
68 120
32 71
92 57
34 40
77
49 52
33 57
65 16
64 5
10 60
22 74
55 26
14 68
70 32
56 55
1 26
27 58
69 40
26 33
47 61
25 23
14 71
54 77
30 34
73 37
45 16
75 19
11 75
49 48
34 39
6 39
40 1
29 5
55 71
13 65
62 21
72 5
45 29
7 2
47 57
11 22
62 56
68 41
38 76
36 73
68 46
9 4
76 66
24 49
34 69
12 51
32 43
9 44
71 48
10 29
48 76
35 32
70 77
30 42
9 8
39 3
2 4
20 77
33 70
18 65
47 31
62 73
28 10
30 59
40 45
58 63
53 75
2 17
51 15
56 4
16 51
22 50
67 25
69 11
58 14
25 57
120
101 14
35 70
119 88
40 41
29 56
2 59
116 71
81 67
80 4
82 38
88 23
94 77
68 87
90 97
15 113
31 23
46 110
112 1
46 79
22 2
76 31
23 66
21 40
28 3
116 109
44 97
103 114
36 80
86 36
93 39
92 78
34 83
56 106
93 3
62 104
119 112
102 64
8 39
108 92
61 72
111 99
11 56
54 31
90 41
8 42
79 77
36 60
92 12
24 117
18 105
75 18
20 120
2 80
27 104
113 58
67 51
17 57
99 100
44 1
53 87
73 93
47 66
85 96
100 118
45 35
101 30
115 102
79 62
7 75
16 118
66 37
10 68
19 117
8 112
13 40
11 62
27 109
26 17
35 109
52 77
42 75
108 103
97 68
42 100
120 65
6 99
72 48
74 18
107 116
53 33
10 96
98 113
17 51
101 24
51 4
96 49
84 95
103 50
5 118
95 41
102 87
91 117
108 90
34 55
11 38
119 4
15 72
104 44
38 9
43 46
67 25
69 7
32 95
53 63
10 120
89 7
39 34
27 24
15 88
51
18 30
19 23
26 20
43 24
10 29
22 47
7 10
27 24
44 20
31 33
34 11
45 18
8 17
34 51
14 6
14 4
42 4
7 46
25 5
47 16
44 13
49 19
37 40
2 41
12 27
9 36
40 45
5 12
32 15
21 15
28 8
50 43
3 46
49 17
41 21
23 38
6 2
25 39
28 26
29 51
3 33
9 1
13 30
36 38
11 50
35 32
48 39
22 35
37 16
42 48
38
35 29
29 28
37 28
11 14
12 29
13 30
32 30
5 26
31 1
23 5
34 37
36 33
4 10
19 8
11 15
25 1
13 6
9 37
20 5
23 25
5 7
14 16
29 24
29 21
29 1
18 36
22 29
27 18
13 25
4 6
19 30
38 30
2 35
18 3
25 15
11 36
17 31
2
1 2
