50
76
5 39
56 52
74 15
2 60
6 51
12 37
33 37
51 9
13 44
69 62
32 45
66 76
36 62
61 35
30 43
3 61
27 17
60 13
7 21
69 34
15 18
44 47
28 52
52 59
29 44
6 31
1 37
66 14
25 41
62 5
30 8
12 68
13 51
58 28
24 38
70 54
69 19
7 23
63 57
32 9
20 11
7 45
50 5
33 58
15 28
36 38
27 10
42 35
71 64
35 40
75 16
49 20
9 1
32 61
55 31
75 38
36 33
60 67
63 48
73 70
4 66
12 41
3 26
58 4
6 20
27 4
46 25
72 31
53 71
41 71
68 63
30 45
25 22
68 70
3 65
91
42 45
6 62
17 58
66 67
31 19
91 48
77 25
46 82
70 30
7 44
14 64
89 70
74 17
60 36
24 1
22 40
88 68
63 85
59 76
36 1
69 47
68 78
63 86
86 78
18 60
53 55
26 58
17 2
8 37
12 47
24 53
21 28
65 41
77 83
52 50
39 51
10 33
65 57
87 48
11 29
15 59
55 48
11 5
84 45
64 90
83 88
22 18
46 13
38 9
32 62
20 65
9 54
14 28
26 42
14 18
16 20
31 61
47 6
71 52
44 3
73 62
53 6
43 22
33 56
10 46
68 36
51 66
66 4
23 8
81 28
64 72
35 33
78 10
26 24
86 11
39 27
58 52
75 77
55 59
80 45
88 51
54 16
8 83
44 54
49 63
31 42
79 9
20 70
34 39
60 16
130
114 82
73 29
85 65
31 45
91 77
6 130
116 59
104 106
43 126
34 61
71 120
96 87
130 62
13 100
75 97
38 101
88 17
112 28
80 38
80 123
51 4
73 35
117 32
50 40
54 23
7 100
15 37
26 118
24 111
13 84
1 43
110 8
45 39
117 74
14 110
11 105
119 91
84 52
67 13
87 122
107 118
64 98
37 10
126 54
129 52
110 1
70 93
12 85
19 29
84 14
22 69
24 5
15 93
107 21
122 65
37 33
23 112
88 64
78 12
89 53
126 19
47 100
24 36
3 52
86 40
31 71
57 8
11 111
102 79
8 71
62 114
89 125
57 62
73 30
21 83
98 94
45 128
87 127
107 31
81 29
129 46
56 101
22 122
11 2
115 12
44 51
15 54
60 88
81 9
106 91
42 114
48 75
23 103
99 41
113 99
14 65
89 5
16 81
76 93
85 59
36 43
121 3
59 92
49 130
104 38
106 117
108 67
129 27
3 55
58 21
112 90
104 36
98 95
80 109
68 102
40 72
63 101
18 103
22 66
103 20
50 19
25 67
99 5
120 61
102 120
51 50
57 64
61 124
75 111
119
113 17
112 41
61 48
115 24
19 13
93 19
15 89
73 2
115 117
28 90
118 83
96 53
82 23
116 28
75 68
110 87
52 68
51 69
71 60
72 98
79 54
37 106
56 67
20 41
38 59
27 5
39 94
14 99
90 42
42 11
29 96
57 48
101 88
34 5
99 103
5 75
32 97
52 108
18 105
15 76
63 57
55 6
55 91
84 114
70 39
79 31
43 116
92 68
12 49
90 87
50 66
37 56
96 95
65 97
99 111
43 13
81 78
8 12
46 74
45 107
15 111
65 84
73 65
30 48
74 92
22 63
39 92
106 16
95 115
66 77
75 119
17 105
87 36
41 54
101 31
58 33
72 100
119 10
32 78
105 71
44 101
108 116
55 86
107 54
51 106
69 1
108 1
109 79
9 63
78 40
84 104
107 3
111 28
43 57
16 72
12 16
85 56
42 4
51 95
52 18
19 47
26 58
6 58
59 32
97 109
21 119
82 31
83 37
64 71
62 17
83 25
6 18
7 74
109 69
66 13
73 102
82 80
59 35
123
50 78
52 28
60 107
79 46
18 40
59 94
65 100
42 121
77 94
71 81
76 68
55 15
96 58
111 16
97 63
54 85
106 60
118 100
1 108
59 30
111 35
29 100
33 60
24 113
57 54
48 20
3 7
72 46
19 45
63 93
57 24
114 75
31 25
6 31
77 55
114 31
109 47
67 9
33 39
81 122
20 88
41 29
68 122
12 79
79 103
4 52
48 7
117 22
36 93
117 37
103 80
102 123
67 57
19 121
108 55
51 54
43 67
120 35
86 123
65 73
112 7
15 19
119 45
76 8
91 45
51 71
120 51
50 83
69 27
47 64
118 89
59 44
73 14
64 15
2 82
20 62
58 34
118 110
85 90
85 117
74 14
66 90
90 99
81 12
61 95
56 76
98 46
10 92
14 26
17 36
52 64
13 69
92 21
33 77
18 48
35 92
18 123
1 71
101 2
94 58
95 116
38 75
53 39
108 40
114 120
69 68
12 61
47 23
65 40
11 121
103 5
29 70
87 75
2 61
93 122
111 104
39 49
32 36
84 63
73 50
105 24
95 115
99
99 39
8 72
86 7
42 65
1 76
83 16
13 21
11 85
38 72
15 34
2 44
35 63
86 33
90 55
50 70
89 97
14 88
8 50
35 64
94 88
68 67
2 29
22 24
27 67
30 12
43 9
94 41
36 53
6 41
37 80
46 14
79 61
3 77
73 4
36 59
18 49
1 88
77 67
99 57
5 46
53 76
37 83
75 83
71 48
14 7
89 29
82 86
48 17
19 44
2 70
13 45
7 13
76 70
47 80
95 3
8 65
50 37
73 6
92 24
69 43
61 25
74 89
78 72
23 73
9 93
28 96
96 98
19 91
80 10
69 53
15 87
40 3
31 96
32 5
81 5
99 25
20 12
59 49
6 48
49 66
90 41
56 9
69 25
36 31
46 11
11 26
43 12
62 60
19 52
59 24
15 44
90 51
84 62
29 35
77 94
65 58
31 62
61 54
130
130 17
4 58
57 111
63 13
126 14
99 4
65 5
109 62
57 109
86 59
28 23
33 51
128 36
37 10
113 110
11 97
130 83
63 29
3 18
48 104
23 53
24 85
124 74
62 80
74 92
100 8
56 40
77 7
30 39
14 84
126 121
12 112
94 100
90 21
97 121
110 35
95 79
4 70
24 87
1 55
106 13
101 110
93 68
12 59
122 42
65 96
21 86
11 115
47 67
29 108
95 31
51 36
124 54
20 26
79 93
15 89
34 56
70 46
75 50
95 16
47 40
45 51
15 109
125 60
105 74
77 41
60 86
76 114
45 71
55 48
89 121
98 64
73 101
41 98
88 49
87 36
72 39
40 83
63 59
77 61
104 30
50 65
89 112
124 104
35 70
55 128
29 38
83 75
82 93
127 113
120 57
103 56
116 54
9 88
97 114
128 35
11 69
48 122
101 107
50 88
75 12
33 43
23 30
6 24
15 79
112 1
130 118
3 119
122 41
52 13
3 42
102 60
87 20
98 27
33 81
117 37
114 129
44 20
14 25
32 54
126 37
39 19
46 91
22 21
113 123
62 2
66 46
45 78
100 42
144
37 131
143 87
29 2
75 32
101 46
78 127
141 111
19 63
12 104
19 99
18 82
69 80
17 3
132 97
48 134
45 125
14 39
26 7
26 44
70 47
58 5
20 25
83 124
9 4
74 10
8 100
36 68
127 20
63 80
56 58
33 88
94 23
115 139
73 118
16 99
5 65
67 83
80 59
90 121
18 50
23 124
124 143
76 103
85 59
3 95
24 84
2 113
126 132
114 107
77 98
112 111
37 123
144 89
102 98
117 137
25 142
64 59
5 54
33 19
115 37
101 71
136 110
106 136
66 143
45 74
17 84
6 118
83 52
79 68
13 28
13 12
119 62
86 116
49 116
46 1
27 118
100 137
120 74
20 117
4 13
144 129
68 3
76 130
34 60
125 55
113 75
4 53
131 21
26 45
18 48
70 132
22 47
47 140
108 133
130 96
6 96
31 115
84 96
130 107
2 30
131 62
69 93
24 1
6 111
113 125
49 90
123 101
109 56
135 116
105 25
33 15
92 134
87 117
127 57
66 14
138 95
122 23
71 56
90 11
87 24
35 69
71 28
70 28
76 40
58 60
63 55
128 134
55 46
91 12
41 99
137 136
123 49
95 43
98 109
72 60
61 108
14 42
75 51
100 38
108 66
144 109
107 81
48 17
138
109 67
24 44
88 14
114 40
124 23
73 92
8 107
137 102
46 116
132 138
84 7
130 98
1 30
52 54
137 58
76 107
46 120
96 118
115 2
119 45
116 58
20 16
41 68
82 92
125 29
121 59
89 84
133 122
83 104
60 102
94 88
82 21
39 116
65 99
55 61
64 60
123 58
5 42
74 112
1 102
85 96
31 69
117 81
123 96
79 32
22 77
19 82
47 73
81 4
105 84
80 98
30 54
46 136
122 41
92 64
105 10
38 74
17 90
105 91
56 23
26 10
16 138
93 11
11 101
56 72
129 132
69 93
95 10
11 72
60 132
129 24
59 62
114 29
110 49
87 45
106 49
135 52
40 34
131 73
104 63
14 18
52 112
15 48
25 30
127 69
100 3
103 24
108 65
59 34
22 65
37 3
107 6
72 54
34 2
83 128
40 25
86 29
97 126
25 77
51 2
13 88
126 12
14 64
63 53
114 98
75 122
3 123
5 28
78 74
104 77
15 33
109 66
41 91
6 56
68 27
63 70
111 23
6 55
36 18
39 134
15 22
81 129
138 32
18 43
57 83
101 90
16 113
109 112
135 45
68 9
137 91
39 50
90 35
93 126
135 5
49 101
71 32
146
95 135
133 131
136 81
137 81
64 69
16 94
39 95
90 40
82 34
73 59
140 129
125 74
66 135
57 5
136 13
111 141
84 97
146 78
24 29
71 119
130 138
75 113
4 75
126 138
100 96
35 39
47 85
126 46
141 87
139 37
63 136
65 143
38 125
22 144
118 36
68 102
72 120
131 143
35 84
99 74
109 18
72 129
43 2
42 38
44 70
106 94
125 85
127 128
8 62
44 137
80 102
89 87
110 119
78 135
70 75
129 44
61 22
45 2
81 8
43 103
122 37
66 33
34 76
26 28
53 126
104 40
98 17
92 17
31 3
41 71
138 95
86 5
105 17
60 30
119 103
79 89
59 30
37 7
19 51
79 1
60 102
77 27
145 101
73 52
121 100
29 91
83 127
32 36
63 50
35 1
59 26
116 130
124 140
34 11
14 66
78 112
76 74
96 22
60 127
115 145
38 114
27 58
103 99
97 115
73 107
49 110
13 132
65 89
13 21
123 62
99 79
85 88
32 115
145 9
142 109
7 29
48 36
25 62
27 43
98 5
30 39
67 63
111 117
20 19
12 71
8 94
15 2
55 26
10 64
23 72
130 6
64 141
65 96
100 134
54 111
19 70
93 131
137 84
143 109
97 7
98 87
108 110
40 76
32 31
56 140
61
50 37
20 8
27 16
47 5
38 50
57 18
24 4
1 20
54 8
41 3
14 48
33 12
42 9
43 14
59 21
45 3
16 35
32 3
7 42
56 16
27 19
20 35
10 52
61 54
25 31
5 35
8 2
12 15
4 55
15 7
51 21
2 10
47 36
53 45
23 44
7 43
22 14
6 25
49 61
53 60
45 9
40 11
6 9
44 46
43 50
30 53
12 28
25 29
15 4
11 58
17 61
26 27
42 1
44 54
47 34
2 18
11 6
18 13
5 21
39 10
78
40 65
26 62
73 29
72 9
43 69
35 39
41 10
47 71
1 40
30 52
45 52
12 37
16 10
66 54
6 16
46 22
54 23
48 4
50 49
52 38
31 1
20 71
2 47
19 21
27 19
78 64
57 62
62 39
73 72
70 55
15 28
53 50
75 71
10 3
34 7
65 28
20 7
4 45
36 49
45 61
32 3
5 68
13 12
22 42
22 47
28 19
49 35
65 13
25 5
75 61
75 31
14 15
55 76
41 72
50 33
9 24
4 18
66 64
11 12
63 73
39 55
31 35
74 54
69 20
9 77
61 66
16 59
64 44
15 17
2 8
36 67
58 36
69 51
13 5
40 41
56 2
60 3
141
11 43
23 112
10 113
106 75
90 85
72 56
82 90
136 63
38 114
118 52
84 119
120 38
83 6
45 71
83 16
91 117
7 26
105 59
111 21
58 105
7 96
124 42
125 118
50 15
8 92
8 30
135 72
6 35
56 105
85 73
111 60
20 45
137 39
19 98
138 117
57 82
37 95
95 12
4 28
86 123
71 51
128 65
111 141
38 91
139 13
20 98
12 132
22 56
130 50
39 75
79 58
102 117
66 54
62 18
14 64
29 3
34 33
46 68
77 86
46 42
33 115
71 63
15 48
102 67
59 121
122 37
114 43
23 31
5 12
40 72
45 120
93 66
127 34
27 103
114 54
27 20
83 41
119 55
47 22
7 84
39 110
100 35
108 115
90 4
118 67
106 126
104 115
116 58
116 92
13 24
86 13
62 92
121 76
3 60
138 95
62 107
65 101
133 44
138 6
2 37
69 66
116 33
84 68
57 24
87 42
81 27
79 57
65 54
60 82
139 70
134 85
75 102
99 11
50 24
3 49
10 46
61 44
89 106
97 139
68 120
25 8
14 67
53 4
23 43
15 9
22 109
88 14
1 91
59 44
140 119
94 121
36 34
79 1
129 11
78 10
32 130
17 98
130 74
131 35
80 63
149
53 113
144 41
6 148
74 13
14 142
131 127
20 113
47 136
101 113
139 122
134 141
2 73
68 121
11 82
91 118
133 140
73 75
123 88
60 125
115 144
99 32
138 89
23 90
13 18
92 75
47 43
84 108
119 73
67 10
118 44
140 100
114 3
120 105
48 95
68 14
4 126
149 79
16 129
111 99
21 81
69 33
97 114
9 125
133 63
66 102
125 62
54 21
133 12
57 38
53 102
145 31
82 70
33 68
32 88
49 55
64 105
26 6
35 37
30 82
146 143
33 94
13 121
72 92
107 58
147 71
5 92
7 83
107 110
126 86
32 94
88 81
27 143
131 52
103 30
105 72
76 95
124 140
69 26
146 1
100 132
53 100
46 114
83 36
128 57
124 34
96 6
104 129
98 40
40 141
87 142
103 117
51 147
42 141
8 5
26 145
39 126
135 3
107 14
56 111
7 144
123 95
137 1
47 59
5 137
24 59
16 131
122 75
149 28
59 27
111 50
93 37
145 130
4 138
28 57
69 9
90 19
149 65
8 7
123 22
103 80
99 37
112 55
142 25
29 21
122 77
30 8
45 84
17 138
15 83
78 10
55 9
3 90
132 135
116 24
24 106
137 94
121 147
98 143
61 102
118 40
81 10
146 132
72 84
135 28
109 129
124 85
98 4
16 27
98
1 32
30 74
13 88
91 15
95 1
76 84
28 6
87 21
29 31
65 94
49 10
37 97
39 40
96 53
59 3
86 72
70 29
4 89
90 70
94 25
96 19
87 30
10 2
65 47
87 12
89 95
82 14
19 46
22 47
44 18
26 8
30 47
66 16
89 78
83 48
66 93
13 11
29 9
41 27
35 16
36 26
76 59
22 95
61 2
84 72
24 8
92 55
73 27
34 80
80 42
6 14
43 93
18 39
60 61
48 76
65 92
66 54
5 53
58 97
54 75
14 4
23 44
81 54
24 63
71 6
93 22
52 39
72 15
84 32
32 90
77 16
86 79
43 27
85 19
94 7
2 4
61 69
74 17
80 43
67 53
62 82
33 13
98 10
51 86
64 82
45 59
92 68
38 74
33 97
96 90
15 50
26 56
44 20
57 48
78 18
70 8
33 78
56
51 4
37 12
27 19
40 22
24 13
28 47
25 5
7 29
19 13
53 12
51 50
7 15
8 45
8 11
37 9
18 43
16 45
29 49
1 38
28 14
38 49
2 19
1 34
52 17
20 33
32 39
25 34
13 51
49 37
24 38
5 41
12 23
5 20
35 44
17 39
22 31
36 7
44 29
54 11
25 8
24 48
55 9
42 41
22 56
45 46
9 26
3 41
43 48
11 21
20 30
31 34
6 44
28 48
10 43
31 39
66
45 62
3 31
64 61
52 54
57 20
44 57
7 20
33 13
13 31
34 36
46 25
44 8
44 62
64 60
58 32
5 54
43 14
1 8
57 36
39 40
41 66
59 24
23 16
56 40
27 56
38 36
6 42
30 21
64 27
53 6
60 26
61 2
63 3
32 49
1 58
19 16
35 12
29 40
51 41
32 31
11 41
47 45
49 6
17 4
55 43
59 4
4 10
24 58
3 65
45 50
56 43
51 24
49 18
46 51
28 21
18 35
59 21
16 18
48 46
27 8
60 15
54 62
13 22
61 9
37 20
102
64 53
41 44
59 82
43 77
3 9
69 36
74 56
56 43
80 40
89 60
46 60
74 29
2 97
88 23
67 25
77 98
85 52
18 99
14 30
51 60
88 28
95 64
12 17
41 79
76 31
6 49
47 94
5 69
87 35
71 88
49 22
56 87
76 40
16 45
43 53
11 58
18 100
23 92
52 76
34 50
54 63
39 26
65 23
5 25
31 99
37 3
45 91
30 62
30 82
74 15
68 24
7 69
38 17
83 94
1 24
2 12
31 95
61 40
54 12
70 57
6 58
24 65
38 41
32 62
13 66
92 21
27 101
33 39
101 73
20 11
14 5
54 86
53 6
18 19
52 8
17 95
70 81
49 70
38 50
99 13
14 68
13 55
3 27
89 39
10 101
82 78
42 87
1 64
62 75
72 98
96 2
93 98
50 48
90 92
58 45
102 22
94 77
65 27
11 84
22 4
68 89
69
12 46
60 20
59 62
14 32
11 55
25 3
21 60
23 15
49 54
44 10
58 10
61 14
8 19
47 55
58 57
47 16
1 33
52 7
22 5
14 15
15 9
34 58
61 28
62 36
38 4
55 38
51 67
32 39
64 59
6 19
50 42
42 26
65 39
13 45
49 45
22 50
54 30
56 3
27 12
53 67
40 2
12 8
61 31
22 51
10 3
24 38
49 44
2 51
36 33
59 66
60 50
63 29
5 44
48 67
45 41
5 1
33 11
11 8
2 43
52 35
36 32
68 19
17 63
18 54
47 37
39 52
69 42
62 63
51
21 22
4 23
43 30
40 33
36 18
34 9
43 39
21 11
28 14
44 19
34 7
6 38
31 14
6 46
16 49
5 44
32 5
47 4
51 16
16 2
18 8
24 13
45 13
20 29
5 33
23 19
24 2
21 35
43 28
32 17
37 32
18 46
35 45
46 24
1 13
42 44
23 41
15 33
26 6
20 48
27 42
45 28
20 35
42 25
50 4
12 41
34 2
19 1
41 3
10 14
89
45 4
31 85
12 10
2 63
9 30
54 1
87 23
58 80
55 21
14 75
15 11
2 31
39 89
61 36
65 40
68 58
5 8
74 72
6 11
83 17
9 26
3 45
80 16
50 19
71 44
51 27
45 35
18 58
52 76
66 82
5 86
2 39
76 11
24 46
53 60
24 74
12 46
32 14
55 7
65 53
73 32
51 84
22 76
4 40
46 23
28 59
77 39
41 69
15 13
44 63
83 16
88 54
12 48
32 17
42 37
63 70
59 64
70 1
71 38
34 31
25 82
79 71
40 88
16 20
70 6
21 6
65 41
54 83
24 88
20 5
82 80
44 9
17 42
78 42
19 74
15 67
72 49
56 41
51 20
72 47
53 43
14 29
62 19
61 57
59 21
81 55
23 33
61 4
125
108 73
8 61
2 110
125 92
100 32
75 26
69 11
90 91
53 54
114 6
89 45
99 16
1 26
51 40
24 86
75 66
104 110
64 115
53 72
75 58
22 31
110 20
87 89
102 8
74 84
18 16
67 105
32 123
10 121
83 102
117 41
71 59
33 116
67 56
72 116
34 54
121 112
9 37
114 48
46 114
81 19
107 78
92 106
13 83
20 32
34 81
115 98
40 70
119 35
63 106
22 23
100 26
27 120
121 103
119 95
48 60
62 113
18 107
80 42
84 96
100 125
72 73
11 68
107 39
88 53
25 71
48 66
5 87
9 36
1 88
17 33
28 76
109 67
85 45
14 98
112 54
27 123
49 94
8 93
43 71
80 59
108 3
94 4
108 12
65 101
40 105
90 15
82 28
15 58
89 125
87 52
98 29
22 73
55 28
119 34
115 66
94 123
92 9
81 44
38 101
41 57
118 90
41 59
112 24
113 79
55 84
64 122
7 106
111 42
27 30
47 33
55 80
11 116
18 111
105 111
58 102
45 50
20 101
64 124
113 15
88 42
83 77
24 97
21 16
134
52 26
55 10
114 72
73 89
77 48
49 89
33 57
125 97
55 134
97 110
22 20
133 1
84 29
116 11
6 116
123 109
13 31
100 41
96 102
32 43
108 77
42 28
88 45
78 59
74 7
24 66
24 130
2 101
124 95
39 24
8 27
121 85
10 133
127 123
29 4
83 52
112 63
17 8
36 87
126 32
53 111
44 23
120 16
95 128
6 44
53 40
107 87
120 105
92 117
65 25
92 53
121 92
94 82
15 63
91 133
39 115
47 35
51 67
20 25
31 109
62 44
98 89
78 106
41 38
95 5
18 68
12 113
34 6
49 117
132 74
60 79
101 81
38 75
94 50
97 120
31 21
134 71
52 93
61 88
28 104
33 91
119 47
16 131
96 57
103 38
87 15
96 68
16 64
121 122
5 56
46 74
3 8
86 51
3 32
118 68
46 34
41 47
78 49
81 55
3 33
26 94
105 20
71 80
69 63
134 114
57 15
90 77
70 123
76 12
65 56
101 19
10 100
12 46
34 91
115 58
1 25
115 37
116 99
71 54
28 90
39 105
26 22
60 9
100 86
81 29
129 102
86 60
65 117
5 88
14 51
56 109
114 30
90 22
59
25 56
10 46
12 2
3 30
37 15
36 48
53 21
35 20
32 52
50 40
43 11
20 43
49 56
1 36
21 28
8 50
29 43
51 32
10 27
39 44
42 31
55 59
47 3
32 23
22 55
48 42
13 31
17 11
9 20
29 38
18 55
14 7
19 2
41 50
35 1
24 35
11 45
21 4
9 10
34 29
31 33
9 7
26 39
58 22
58 5
39 4
58 6
48 4
23 3
56 24
22 16
2 40
37 42
54 37
24 40
16 23
16 36
7 57
111
5 74
64 87
15 105
9 97
91 103
10 51
44 35
89 30
91 36
44 51
62 8
30 94
32 11
5 106
96 104
69 20
99 110
30 102
60 66
15 4
73 46
16 68
69 41
72 63
106 94
55 20
36 22
73 78
107 84
38 77
61 42
84 80
88 100
3 63
75 31
91 4
98 88
89 99
59 48
29 87
85 6
104 45
105 54
67 66
103 23
88 19
2 36
52 65
79 41
48 50
78 83
18 66
67 78
110 92
82 5
17 21
12 108
81 19
35 70
31 79
100 102
62 68
40 31
95 93
1 102
81 90
13 52
39 108
27 109
67 61
46 33
89 62
44 94
54 17
76 9
56 8
79 32
7 109
12 4
93 111
99 104
12 93
20 101
1 83
46 37
32 57
71 38
65 105
73 9
8 34
108 25
15 83
98 84
106 6
81 53
52 26
100 41
54 63
19 87
86 6
109 69
61 47
43 17
28 35
51 49
65 38
14 110
68 58
24 103
48 98
67
11 30
17 15
23 21
52 6
54 1
24 10
17 67
31 26
1 26
19 43
4 37
41 18
15 61
40 21
42 38
43 61
31 30
30 8
49 56
7 8
61 26
51 28
8 2
59 53
58 39
34 57
52 15
10 60
53 28
22 66
53 54
29 32
43 49
39 54
27 42
66 48
19 5
51 25
11 62
42 48
32 31
12 16
35 29
34 28
17 9
63 19
39 48
20 59
58 18
66 46
55 4
51 50
58 4
49 47
18 13
3 57
21 59
20 64
65 29
16 36
11 33
20 45
32 10
44 57
14 52
34 16
99
29 39
59 40
92 77
21 13
27 46
41 28
55 69
10 74
11 3
60 17
51 97
86 90
4 43
14 5
78 62
49 58
71 89
51 78
91 78
65 12
15 8
82 43
65 79
14 8
10 94
59 90
95 98
50 52
13 79
88 68
53 21
22 99
7 49
1 22
67 30
73 99
75 89
49 73
86 18
50 35
98 45
2 98
38 43
76 64
63 14
41 96
34 80
56 26
36 11
15 20
66 86
34 12
16 17
28 81
92 95
97 22
37 17
93 27
83 21
51 4
70 31
27 68
48 80
37 96
15 84
47 68
57 28
33 96
32 46
9 76
89 41
67 37
74 97
44 59
65 23
54 92
33 93
85 55
8 93
42 67
74 55
70 72
1 23
6 39
12 87
79 95
25 80
87 50
56 4
10 19
99 90
11 13
73 70
61 56
33 23
76 34
46 24
39 87
135
2 93
83 66
125 15
87 43
127 96
40 86
103 25
43 132
21 81
68 24
71 101
49 46
52 119
77 31
44 45
116 86
105 8
76 34
131 9
68 5
125 66
1 78
102 46
38 111
125 90
112 14
133 113
17 9
121 17
12 65
131 102
13 58
38 14
97 93
119 89
37 128
53 100
98 10
85 118
95 128
129 23
99 3
93 42
88 80
134 106
108 6
123 131
34 113
10 18
80 2
99 117
44 135
41 82
120 11
23 107
19 101
47 22
49 21
102 78
82 97
115 70
72 117
73 106
77 74
60 100
84 72
124 55
26 61
101 24
127 57
34 56
51 8
65 126
11 94
80 32
36 85
119 117
133 63
8 106
105 48
100 97
128 118
27 3
42 3
58 20
46 74
83 5
58 33
111 12
127 123
75 133
44 49
40 99
40 22
68 113
1 27
77 62
108 123
108 64
48 78
65 91
61 20
74 124
16 130
61 7
10 66
29 85
51 92
4 28
38 70
86 109
30 16
21 79
27 5
111 48
114 72
16 94
103 24
67 14
12 43
2 23
122 22
105 118
110 103
54 11
39 51
17 59
50 28
82 35
20 83
9 28
124 69
94 42
70 104
133
112 131
37 59
64 76
6 39
63 60
105 99
51 12
70 38
55 133
73 75
58 36
65 37
101 89
107 101
75 17
106 104
47 83
3 19
50 125
115 46
118 60
118 110
81 83
63 58
107 11
42 108
28 71
129 82
42 62
90 114
77 22
104 33
32 9
126 38
87 26
60 23
4 130
94 7
106 123
54 132
92 105
27 41
16 6
53 129
93 1
24 69
84 126
116 92
23 93
114 14
91 73
31 64
118 87
126 15
89 88
45 92
13 125
61 25
131 83
114 88
74 110
73 47
81 124
5 22
54 53
58 30
91 121
84 111
61 10
99 101
79 38
123 94
15 11
8 42
117 27
35 27
100 84
24 34
46 9
8 54
48 85
96 18
125 53
67 91
49 63
37 3
52 33
68 132
72 28
2 123
44 20
10 20
133 120
80 51
85 95
85 3
40 64
106 89
87 86
133 88
47 11
9 43
35 68
80 28
35 130
22 105
110 103
61 78
68 40
21 51
24 40
99 80
115 109
33 98
10 15
6 104
115 97
102 20
8 96
96 119
23 19
49 122
75 127
29 94
46 19
107 1
57 129
66 49
132 93
131 113
81 56
130 128
74
6 10
33 57
12 19
71 1
51 46
45 54
2 8
5 71
11 4
6 44
27 7
60 66
10 62
12 59
19 18
52 42
20 38
7 5
3 68
21 25
29 24
48 11
54 61
3 69
71 52
39 51
53 8
22 24
15 9
18 39
16 29
26 64
7 50
13 1
10 74
17 50
14 46
51 66
21 57
35 9
23 66
31 25
65 16
3 11
52 6
37 34
49 12
70 27
46 67
32 68
41 64
40 8
42 38
34 43
55 38
24 73
34 2
28 68
44 47
50 72
44 58
36 57
39 45
25 63
54 56
18 13
69 13
9 45
5 21
30 27
19 29
42 64
69 2
138
69 4
40 34
128 30
68 38
80 58
77 74
7 109
64 35
20 6
114 46
13 57
1 131
112 94
79 40
107 49
89 12
75 104
76 20
51 129
11 62
96 47
19 22
22 125
103 72
118 126
3 124
48 63
58 73
66 95
46 72
137 59
65 24
62 65
10 73
99 60
102 34
120 138
111 82
4 3
83 126
60 5
35 98
20 100
113 75
67 36
118 35
70 42
109 102
44 67
107 14
70 74
77 121
85 84
56 38
127 89
118 17
10 128
30 133
43 80
69 91
73 131
40 119
82 78
90 129
63 39
2 47
112 81
122 58
31 67
132 61
45 59
80 13
82 134
66 46
42 85
97 54
101 105
115 3
136 21
12 75
28 108
52 43
77 50
128 32
87 93
105 123
79 1
106 21
25 85
44 119
34 28
13 117
130 32
61 86
112 74
87 110
12 21
66 107
63 92
24 29
55 28
37 43
111 69
122 138
6 10
61 122
119 39
108 8
131 91
111 87
4 129
135 97
125 17
116 138
91 95
60 102
89 65
23 109
27 62
97 125
24 53
88 32
55 71
18 126
59 44
47 39
17 127
114 9
105 6
55 16
108 15
22 33
41 72
30 26
70 95
79 127
42 38
54
2 22
52 25
33 40
14 54
41 28
16 43
40 13
43 48
46 41
27 34
17 26
52 38
26 34
47 15
31 39
6 17
37 18
51 35
36 53
41 50
19 4
42 54
6 24
48 40
23 45
2 39
45 7
30 44
21 2
8 24
28 51
43 3
5 34
29 17
37 23
28 31
11 4
24 32
10 51
45 12
1 37
36 11
47 49
30 26
31 29
29 1
18 48
9 30
39 47
20 4
11 18
52 6
54 23
76
21 36
74 72
16 38
24 60
53 9
22 20
8 74
61 73
61 21
51 1
8 66
70 49
53 18
67 38
29 40
47 23
54 20
56 14
34 60
33 11
47 22
6 1
55 39
72 15
59 67
50 59
6 57
55 30
2 40
8 69
74 56
41 63
52 46
40 34
65 59
49 37
73 35
43 53
18 42
58 19
67 42
19 34
37 7
72 64
10 33
57 37
3 26
62 56
17 46
51 42
18 63
49 4
13 44
57 61
12 7
76 21
15 6
31 19
54 55
26 64
20 51
38 75
71 63
5 7
54 33
46 64
22 32
26 28
15 60
24 48
32 45
24 44
47 27
25 73
68 32
149
96 114
122 36
109 78
30 95
97 131
115 112
79 68
89 116
46 95
80 71
37 16
122 91
63 58
24 139
84 125
6 23
133 2
113 17
14 21
39 116
64 59
103 13
27 82
115 132
32 92
22 110
70 11
49 120
2 136
130 21
9 133
52 38
116 18
5 19
131 56
55 41
102 43
16 52
114 28
133 41
123 125
24 110
4 67
83 82
12 32
117 105
145 55
106 34
114 20
112 108
119 15
105 146
109 85
131 28
49 48
54 9
57 54
28 79
111 49
120 73
88 122
108 102
17 140
144 129
128 30
47 77
47 75
121 139
85 50
129 76
139 86
8 135
98 124
104 85
127 140
99 37
119 18
126 1
33 106
119 45
8 94
125 74
40 21
143 26
7 136
124 57
36 73
13 100
14 79
143 23
75 11
87 95
81 11
27 112
109 40
141 32
132 22
105 120
142 62
8 108
3 136
53 148
64 4
61 19
149 31
78 101
27 13
18 54
72 59
65 80
55 35
118 82
147 63
4 137
140 29
26 42
129 57
80 2
126 9
19 41
78 51
22 128
69 102
143 130
93 149
130 75
60 47
44 59
10 124
149 30
107 62
1 132
123 128
134 148
24 106
25 52
68 17
68 64
37 66
26 138
73 115
148 36
62 123
23 90
92 63
126 14
40 16
110 92
100
74 35
44 54
85 73
97 89
43 4
16 90
2 94
67 85
24 28
91 88
7 89
7 20
3 8
38 100
56 71
46 13
3 70
81 30
93 95
79 96
61 56
2 47
15 5
53 55
34 13
35 51
44 64
96 3
62 30
50 82
9 76
40 17
44 27
69 34
1 22
96 55
9 37
48 57
20 93
51 78
49 95
22 94
80 86
52 63
16 27
68 24
77 69
14 26
93 85
5 84
84 80
31 97
27 87
30 72
52 19
28 33
58 88
98 77
29 35
56 69
88 20
2 38
94 11
47 21
13 78
39 17
84 55
24 6
47 66
65 52
99 48
33 42
19 87
87 53
46 1
89 14
10 38
28 78
48 11
36 58
77 92
41 5
50 25
12 79
33 18
19 43
59 97
34 81
79 75
7 22
50 11
81 17
32 16
83 14
53 46
95 23
45 43
80 60
9 51
68
34 39
28 60
9 24
25 40
41 34
63 20
16 17
33 29
35 63
3 38
68 42
45 65
66 60
54 48
58 62
58 14
68 52
1 48
22 49
40 26
30 8
23 13
66 44
50 8
25 29
36 46
68 12
45 30
24 6
28 57
7 66
61 43
28 15
58 2
64 60
32 53
35 11
13 65
59 16
54 20
51 36
52 61
8 25
21 53
54 39
4 29
39 10
22 27
38 65
67 10
50 24
20 36
53 63
62 16
18 51
35 31
50 22
30 1
38 37
61 19
52 45
13 5
64 48
56 40
64 62
55 10
34 47
74
74 41
32 62
44 40
25 42
22 17
33 38
33 25
5 63
29 27
42 34
15 37
23 26
18 67
69 46
38 1
5 35
38 2
47 33
13 54
39 50
32 6
9 65
41 73
14 29
21 45
24 22
55 47
45 14
42 59
74 26
36 20
36 1
72 5
7 9
13 53
66 41
39 16
43 8
4 46
67 64
68 70
37 49
48 72
43 28
55 11
43 62
46 19
48 2
27 37
74 20
72 57
60 45
57 31
52 22
2 19
19 53
51 56
27 9
47 39
3 57
25 51
36 29
55 71
26 30
24 67
12 70
32 61
14 70
53 40
24 20
40 10
51 58
48 62
140
41 6
59 72
118 92
15 100
138 24
63 90
128 105
95 3
111 23
93 104
54 37
140 38
1 66
36 84
104 54
102 44
97 113
110 137
38 95
3 58
25 3
67 60
91 35
98 10
34 127
1 60
131 41
99 87
8 127
85 88
133 97
80 19
59 73
84 63
96 2
65 29
53 105
55 102
97 43
6 44
29 82
29 27
126 107
89 36
15 48
123 74
9 42
136 8
78 126
114 52
46 12
116 18
35 95
65 12
52 51
47 38
7 125
12 101
118 57
80 129
116 9
56 125
67 75
110 40
78 55
110 51
112 106
28 18
120 119
66 24
39 37
43 103
5 70
50 52
60 102
134 118
32 75
13 43
68 31
36 139
81 115
2 66
127 74
8 69
10 26
135 106
108 104
99 20
67 34
31 11
17 124
70 27
71 23
138 98
32 15
99 33
115 91
54 44
16 113
96 7
33 85
122 32
9 77
62 85
92 120
23 78
82 35
2 133
92 133
94 18
68 4
86 27
83 120
59 98
64 31
10 76
115 121
34 68
126 21
61 122
91 105
122 14
96 51
132 113
125 30
130 37
33 75
22 63
84 55
17 49
4 45
24 82
17 6
65 80
109 4
117 41
79 74
7 106
138 116
101
79 95
86 5
87 10
45 11
51 36
24 14
22 25
36 85
79 34
72 31
52 93
3 99
75 22
66 13
42 92
52 63
94 60
22 72
62 94
46 98
58 30
101 59
90 7
76 35
68 62
18 46
40 83
45 26
90 2
44 81
65 44
88 5
19 21
100 2
79 94
92 48
19 4
67 3
56 11
70 47
47 89
21 15
35 78
8 92
6 27
45 48
52 89
49 6
20 62
41 54
84 58
7 32
41 97
59 97
86 74
95 31
60 38
74 57
12 91
3 86
24 77
46 48
9 6
41 64
82 80
19 57
69 61
90 16
56 95
50 47
28 80
34 36
40 73
39 13
87 71
58 26
60 29
1 56
44 73
87 32
12 89
57 97
96 21
37 59
43 69
33 16
26 13
23 5
24 27
40 55
11 7
80 72
69 32
1 91
73 31
53 16
12 27
74 91
2 17
35 34
128
125 36
35 4
34 124
72 27
100 14
60 51
19 95
53 32
79 72
122 68
60 97
81 46
41 22
20 43
2 102
54 42
85 78
62 87
105 76
25 97
24 107
107 126
17 26
47 49
39 42
104 39
35 43
75 89
35 79
77 102
127 109
27 1
72 104
40 4
128 28
90 42
9 105
18 99
94 122
47 57
101 44
126 82
71 27
112 11
34 64
121 124
74 33
99 56
100 55
108 29
63 22
78 30
125 14
77 123
122 15
12 26
82 38
7 121
81 16
115 103
88 28
8 48
127 23
19 113
19 114
93 83
10 29
61 44
105 11
71 25
17 75
74 121
6 75
33 2
13 26
45 60
80 61
98 66
77 81
61 110
21 71
83 114
7 53
7 127
70 41
92 86
111 100
15 21
92 97
1 33
66 126
96 87
112 67
119 92
17 116
112 65
21 11
116 114
50 82
52 115
106 125
124 8
5 115
5 78
123 3
118 99
25 14
37 53
4 84
28 24
102 18
120 66
91 101
34 58
83 117
8 69
104 5
24 47
107 2
39 22
43 73
31 101
79 44
18 29
87 15
59 123
74 116
101
13 79
22 94
91 26
76 34
59 83
57 56
56 27
53 46
39 12
18 95
36 101
52 34
59 45
34 51
87 45
11 9
33 82
83 40
49 56
64 55
32 70
48 99
29 85
54 99
72 91
79 77
28 61
28 60
35 46
68 22
49 75
47 93
37 28
64 41
81 2
12 90
40 73
97 54
33 41
3 9
35 29
80 70
22 38
1 80
16 2
30 50
50 97
6 41
14 63
7 3
49 9
31 44
63 32
101 60
76 79
14 74
4 81
48 81
48 35
11 25
4 5
21 47
68 54
99 80
75 1
70 6
98 58
27 92
14 65
24 83
97 95
42 29
87 91
39 98
20 64
43 95
96 57
88 27
17 11
69 4
67 66
32 76
84 98
57 89
6 39
2 15
10 46
47 63
68 66
86 66
8 40
31 87
60 59
101 19
75 45
62 3
23 12
33 71
50 78
100 31
63
62 41
37 56
4 51
59 42
15 52
19 10
40 61
35 2
28 21
2 33
56 44
24 51
1 52
49 52
36 29
45 4
37 63
3 60
22 46
17 25
24 26
41 18
51 49
57 41
27 22
6 23
58 7
9 61
47 22
17 39
36 14
10 20
21 10
8 13
1 56
21 15
37 47
12 4
48 55
6 11
40 15
16 61
3 38
5 36
6 63
49 29
44 60
2 47
24 53
42 18
28 30
58 43
13 34
54 42
44 18
60 55
63 13
17 29
40 58
28 31
55 32
50 3
112
105 48
21 97
13 65
33 32
79 53
50 90
74 112
81 73
42 34
39 96
40 105
104 7
50 91
103 101
51 4
11 29
33 106
18 23
69 85
107 77
45 40
90 1
48 98
94 31
4 80
23 78
101 109
27 92
54 28
65 84
55 56
83 16
3 61
44 102
63 60
54 52
102 86
81 60
72 47
35 47
8 92
71 38
16 46
25 73
111 9
46 88
61 94
105 19
62 93
31 28
22 100
93 71
109 92
81 98
12 76
71 20
69 47
60 41
66 102
64 6
82 62
49 56
30 6
91 97
43 108
31 18
67 56
33 26
97 11
50 46
74 5
76 85
16 89
87 45
19 79
43 59
61 14
106 65
4 69
40 6
99 48
62 36
96 95
12 93
111 19
2 45
44 107
37 100
90 18
42 94
12 44
15 107
28 43
96 91
73 57
68 42
23 55
55 7
10 79
75 88
74 78
58 54
109 85
1 99
7 17
98 106
70 101
99 76
88 110
24 111
100 78
145
118 141
45 93
98 45
75 96
47 127
125 90
35 19
8 70
50 80
77 62
115 141
4 22
136 4
142 40
144 63
41 122
30 82
86 49
73 19
48 130
95 145
63 10
134 111
85 72
16 112
63 106
109 60
87 111
76 48
84 36
117 97
75 46
124 71
128 79
120 28
1 104
44 31
58 7
33 139
97 101
133 120
29 87
102 13
15 136
134 125
60 4
137 133
90 119
2 17
77 102
72 83
91 124
137 128
89 134
92 52
103 43
47 113
62 113
112 53
138 44
101 65
7 9
131 96
104 111
82 116
90 108
54 2
75 85
22 140
143 128
37 1
20 36
28 124
23 33
110 18
57 102
89 129
46 101
113 22
40 121
64 131
88 129
131 78
59 133
123 25
24 71
26 117
107 29
89 18
12 99
3 69
103 29
5 92
142 48
77 45
122 135
96 3
99 114
132 18
66 80
67 107
100 81
81 59
62 144
91 27
107 32
55 72
95 39
74 3
125 112
44 114
82 59
56 81
94 60
21 71
61 129
36 34
6 25
140 19
65 70
122 140
144 80
127 84
99 7
70 105
120 104
37 46
40 42
87 142
33 118
47 37
97 92
14 136
25 65
49 84
68 91
51 117
85 2
114 127
118 28
49 126
141 38
11 103
95 137
53
20 28
30 25
25 11
1 5
33 32
31 49
37 53
15 43
52 21
11 22
9 2
48 17
44 13
28 5
51 31
7 14
24 41
14 18
33 18
45 36
44 28
38 15
19 34
37 27
45 12
44 10
31 50
22 16
17 53
2 30
27 1
25 27
8 17
51 37
35 24
24 30
11 45
3 5
38 46
3 18
22 6
29 34
3 38
53 21
33 40
21 42
4 14
39 2
47 15
20 26
20 23
34 51
88
20 15
62 38
14 84
72 41
58 62
59 9
84 87
31 69
4 43
27 16
85 6
25 81
17 77
10 49
48 36
64 49
52 55
69 84
17 37
22 2
32 22
67 33
41 71
49 70
70 60
54 73
67 24
78 35
5 57
6 82
57 21
32 1
43 66
75 50
35 3
43 61
25 26
4 53
54 77
9 53
64 88
67 74
70 7
9 27
20 37
24 8
37 65
23 65
77 41
13 36
55 76
2 42
79 46
47 64
24 22
11 20
36 59
87 16
85 56
28 54
40 69
39 50
85 59
2 57
3 53
46 4
12 62
42 44
29 42
19 76
14 34
27 1
45 52
52 63
14 18
50 12
83 8
86 35
17 32
68 65
3 25
55 10
46 80
30 8
51 76
16 10
12 87
54
30 21
49 24
38 30
42 20
12 31
43 23
54 44
39 20
17 35
18 15
1 6
37 8
37 47
2 10
27 10
45 43
39 32
48 22
37 9
7 48
19 13
11 40
26 42
24 28
13 54
8 44
38 46
14 20
29 51
15 54
51 50
44 14
33 16
43 8
33 38
17 31
5 39
13 36
34 48
46 7
6 35
4 33
51 49
40 7
30 52
40 3
53 42
14 1
31 41
24 25
49 35
6 46
10 17
78
14 55
56 2
31 16
9 74
43 71
38 57
72 43
27 76
30 78
49 18
54 7
70 27
77 2
53 26
28 29
61 33
58 50
44 74
45 39
51 69
1 65
27 56
31 36
9 18
59 20
34 61
62 61
5 30
13 64
34 54
11 55
12 25
60 72
46 57
5 47
30 37
53 38
35 75
35 20
46 1
66 39
54 3
16 45
42 75
39 15
9 57
25 43
40 50
46 16
71 56
48 36
68 2
5 8
31 51
24 74
53 41
65 58
51 32
55 45
28 38
47 35
63 28
10 72
8 52
8 23
25 17
4 40
22 4
34 50
36 21
6 4
75 67
47 65
40 13
19 18
71 58
20 73
115
35 10
96 59
23 98
34 99
91 89
17 81
38 115
95 50
74 109
75 85
82 105
7 111
88 64
83 63
96 4
73 62
37 95
110 112
112 60
109 54
105 58
63 98
48 65
38 78
8 44
24 58
3 106
34 57
44 7
67 82
38 12
35 40
36 96
108 39
88 70
45 40
11 10
90 13
77 88
49 75
66 22
22 12
39 32
106 14
18 13
76 110
27 47
2 42
5 41
68 61
47 77
56 50
27 101
59 106
100 10
41 105
93 91
6 57
25 46
60 52
97 55
60 114
97 47
104 6
95 76
17 94
70 93
53 59
97 84
73 46
64 110
103 22
1 64
6 43
62 108
86 41
62 68
87 20
71 31
71 92
73 53
63 71
65 113
24 65
91 72
24 13
98 9
15 8
19 61
70 12
30 37
42 79
1 46
82 51
83 44
102 34
42 76
87 108
83 25
25 58
39 26
77 57
40 69
68 109
112 17
50 21
87 80
107 27
61 29
28 7
35 53
93 75
8 33
16 37
70
52 69
48 6
58 67
47 45
60 23
29 54
45 68
29 37
51 56
35 4
61 54
67 68
25 32
39 62
12 42
48 60
58 59
15 40
26 17
12 59
38 6
55 57
56 50
31 32
63 36
53 14
4 30
44 8
4 59
1 23
23 55
34 47
52 27
28 15
10 44
64 2
57 36
1 67
69 62
43 21
26 43
32 48
64 57
20 14
66 17
53 58
11 24
41 17
40 68
61 5
44 53
29 22
45 56
16 52
18 36
62 49
28 33
12 7
6 19
24 15
69 60
24 65
55 54
46 64
70 14
47 9
43 13
61 3
26 40
