100
66
1 53
1 33
1 46
12 1
65 1
61 1
58 1
49 1
1 31
1 9
66 1
1 56
16 1
59 1
20 1
1 41
1 27
1 57
60 1
1 26
1 3
25 1
1 38
55 1
6 1
23 1
1 54
36 1
1 29
51 1
1 21
1 5
1 24
1 63
18 1
1 10
52 1
40 1
1 15
1 22
44 1
45 1
14 1
1 17
50 1
42 1
1 11
1 64
34 1
8 1
1 43
1 37
1 13
1 4
1 19
1 48
7 1
28 1
1 35
32 1
1 62
1 47
1 2
39 1
1 30
60
50 29
17 2
43 22
23 29
30 58
54 10
31 13
35 38
22 56
8 39
48 49
39 3
32 37
41 44
43 52
53 15
45 13
42 14
60 51
45 16
52 8
38 20
19 46
25 46
53 18
57 36
36 59
26 44
33 47
4 59
42 49
28 40
26 14
32 30
55 18
41 12
16 58
11 6
21 9
15 47
37 4
23 34
40 21
5 33
9 50
24 3
28 24
12 2
56 10
27 31
35 17
48 60
7 6
51 19
11 20
34 5
54 27
7 1
55 25
130
70 124
20 35
110 46
117 48
29 32
9 114
92 53
37 90
39 53
10 99
77 43
93 79
16 2
50 30
117 126
16 116
49 100
86 69
72 124
13 43
31 13
42 6
56 65
46 22
1 75
118 70
7 82
8 88
116 101
5 22
75 73
117 111
74 40
50 27
89 11
122 125
60 69
121 112
2 67
36 16
128 59
25 15
63 108
61 65
92 115
90 109
9 119
93 5
85 9
38 21
34 46
7 97
44 43
78 59
113 63
119 121
106 25
57 2
73 104
36 73
107 116
129 12
100 59
44 50
52 80
106 103
88 102
60 108
8 33
98 12
13 6
83 122
23 80
82 118
1 79
5 53
120 71
36 83
28 8
100 104
4 33
92 55
49 84
86 118
18 33
21 96
14 80
31 26
122 91
23 21
40 82
45 63
119 29
29 87
62 49
103 19
94 103
123 40
79 77
64 54
6 58
23 104
47 88
76 39
81 95
90 112
51 124
54 108
106 28
68 10
112 12
65 48
120 44
69 48
10 22
105 25
77 121
66 39
3 31
7 17
83 11
81 130
86 75
127 20
20 70
41 11
24 120
28 93
60 81
115
93 98
55 57
39 18
112 61
42 103
75 40
50 36
102 30
17 23
31 48
21 5
47 104
111 88
104 108
111 76
27 38
115 34
86 48
47 64
16 78
45 54
108 53
53 96
25 3
79 41
14 81
70 26
74 59
98 19
62 52
18 3
29 90
10 68
29 79
95 6
85 54
115 100
90 80
23 110
84 55
97 34
113 56
69 73
77 87
10 89
6 59
21 89
44 30
105 92
71 62
73 15
75 72
99 67
41 46
65 5
35 22
7 2
66 109
15 37
88 11
114 12
27 4
86 72
43 44
94 4
64 26
81 45
107 106
103 80
100 96
99 66
71 39
46 102
85 60
28 7
43 95
58 33
101 63
83 8
58 83
31 70
11 107
63 109
113 32
56 36
28 84
87 16
67 61
82 78
24 74
65 92
91 20
76 94
40 9
68 12
52 105
114 37
106 50
25 49
82 8
2 38
35 110
17 97
51 93
24 20
1 13
60 112
91 9
77 13
32 49
57 22
14 19
101 33
69 51
72
37 33
58 52
26 29
26 44
19 13
63 38
18 47
67 8
62 28
32 64
32 58
2 10
6 56
65 62
69 33
70 38
30 16
8 54
45 43
69 47
36 51
3 45
19 11
55 35
25 34
44 48
1 52
9 63
17 51
7 30
5 39
25 17
34 31
42 49
4 43
6 42
59 50
66 40
66 68
12 46
14 39
23 10
2 55
36 5
67 53
56 50
60 40
16 22
21 61
57 70
37 49
72 27
57 14
24 3
9 7
72 22
68 35
4 71
41 46
71 15
53 48
15 20
18 24
31 60
59 13
27 28
12 23
41 61
21 11
54 65
29 64
60
38 44
1 40
35 39
52 25
36 26
39 34
10 49
50 32
31 17
2 42
18 47
60 11
16 14
19 34
7 50
5 15
60 54
5 56
8 29
49 44
56 33
58 47
12 36
49 37
16 15
6 28
31 50
30 40
48 22
56 28
3 33
12 30
16 24
19 53
25 15
51 17
42 12
38 31
4 17
35 45
23 35
43 28
34 13
38 40
59 42
27 55
9 22
29 19
27 41
47 39
33 21
22 20
25 46
27 44
5 13
60 9
57 36
13 1
9 30
89
82 58
11 20
4 6
68 61
9 27
54 16
82 80
41 44
55 8
15 46
62 57
40 64
71 62
81 26
83 21
29 50
36 8
77 76
47 59
67 27
45 47
26 3
59 87
77 3
66 22
84 18
69 77
83 20
37 52
24 74
14 83
1 36
37 55
13 9
74 75
65 84
37 2
87 67
48 32
27 1
41 56
50 81
34 63
49 84
54 20
36 26
38 63
30 8
53 54
51 49
72 13
89 17
51 40
62 6
7 72
40 5
67 49
60 32
6 11
89 72
28 7
66 43
47 88
35 85
11 9
25 89
74 30
41 55
33 35
81 32
12 86
86 31
87 38
4 19
50 70
68 78
38 86
10 63
3 82
39 7
73 46
68 30
35 15
46 79
13 15
42 4
51 23
59 66
87
64 84
27 62
49 2
21 41
62 26
47 35
22 19
6 16
66 81
61 58
77 18
67 73
56 46
49 52
51 64
36 11
28 20
6 80
14 66
60 25
43 37
85 15
73 52
6 65
9 76
30 38
74 7
83 80
79 70
13 65
2 61
4 74
14 70
25 44
73 6
42 10
16 12
63 69
18 20
29 3
55 17
66 49
49 4
29 71
1 5
20 53
23 65
18 82
29 46
39 38
73 62
78 20
22 38
57 20
85 4
8 43
34 42
48 71
31 18
49 29
29 36
70 32
24 2
72 80
9 66
4 21
73 54
19 20
74 50
73 42
69 73
25 3
35 28
20 75
1 20
59 20
17 66
64 3
68 1
52 43
86 51
33 52
36 45
40 24
1 4
11 87
117
82 5
97 91
50 56
115 66
23 86
82 27
79 55
110 9
63 80
47 77
66 3
113 115
82 99
4 71
40 93
59 61
31 14
98 89
24 85
38 76
34 58
101 60
81 12
86 97
77 55
83 26
95 105
77 63
62 103
60 94
73 112
62 75
90 69
56 23
33 70
25 63
57 66
104 17
5 52
2 35
11 99
97 102
7 74
95 110
12 115
16 52
6 23
70 3
13 67
7 71
71 107
108 109
93 100
33 61
104 35
27 65
76 6
84 86
1 47
30 34
62 10
28 95
87 26
36 39
25 13
75 108
113 29
88 61
34 55
92 79
69 48
46 6
68 113
41 72
45 84
73 116
57 60
47 3
74 72
14 80
69 96
76 53
74 56
52 50
33 89
93 57
13 49
89 15
104 5
106 41
99 64
17 44
25 42
48 26
117 39
46 51
19 27
50 1
16 48
78 108
72 73
9 111
79 54
9 43
37 14
114 84
22 17
41 21
12 18
110 70
20 24
7 39
75 16
24 80
35 32
8 46
50
48 39
15 35
45 11
50 40
9 28
43 49
36 23
32 30
8 49
47 1
13 27
14 40
3 21
37 25
23 29
27 44
40 30
30 33
20 25
7 25
39 25
13 30
10 38
39 1
17 25
46 16
6 30
9 10
18 40
2 34
10 39
11 40
42 40
1 30
5 35
8 42
2 31
26 19
22 45
31 26
26 22
12 7
41 37
5 1
45 24
47 21
47 4
5 46
1 23
121
81 116
75 8
121 5
46 19
87 55
104 54
61 55
46 85
28 59
66 120
21 56
6 10
44 38
100 81
49 71
88 38
5 43
114 76
59 63
75 110
67 84
27 17
32 43
46 110
64 52
101 86
53 110
77 45
121 72
77 66
121 103
107 116
30 71
4 77
96 6
3 23
78 22
8 69
1 112
34 118
106 7
62 74
25 7
70 116
119 99
49 47
91 54
63 40
20 59
121 55
59 18
54 92
10 35
39 42
94 38
120 14
9 95
84 11
90 48
27 104
112 89
95 111
37 104
96 98
112 33
41 104
96 115
14 71
83 15
83 31
97 74
91 36
24 98
59 109
93 80
32 16
9 33
108 70
46 115
96 101
46 31
64 107
106 92
97 55
23 55
6 26
1 34
29 15
66 105
58 66
43 82
106 66
38 84
43 13
6 39
76 115
2 73
67 117
21 98
66 1
68 102
59 57
78 120
50 75
60 113
33 121
5 68
14 113
115 73
116 58
96 66
63 1
77 84
33 99
51 83
65 45
9 12
79 66
80 5
17 90
148
4 81
89 32
82 92
139 2
129 49
114 61
57 102
106 89
76 119
104 110
148 62
118 65
120 141
88 141
67 142
117 48
114 40
59 113
111 68
126 30
43 99
115 101
17 131
1 13
137 113
104 73
40 63
24 85
56 86
72 20
94 18
9 43
53 42
119 144
20 27
21 50
99 14
72 100
120 39
58 77
93 25
2 33
22 21
11 99
101 82
51 17
55 128
68 98
147 39
67 148
51 136
6 103
37 128
97 15
37 111
77 128
142 69
4 112
32 66
86 134
121 142
85 76
102 34
60 107
116 14
1 58
129 123
44 27
40 105
32 38
93 73
133 57
109 28
91 11
34 16
84 113
19 134
114 92
93 35
54 58
12 66
3 14
73 91
68 8
55 76
135 9
18 43
86 72
18 130
38 36
119 146
84 96
81 53
100 77
71 48
23 20
124 61
85 138
5 148
107 64
78 39
96 7
15 79
10 96
70 109
108 116
47 107
120 100
11 13
92 12
65 87
3 80
66 84
122 104
13 12
57 83
31 23
37 102
6 65
4 132
101 95
41 17
103 47
29 2
139 48
54 103
52 38
116 127
46 34
30 82
26 3
125 89
140 27
90 61
136 54
109 51
74 53
136 67
45 23
6 21
141 75
143 9
139 55
47 15
81 91
30 145
129 111
65
2 19
4 52
31 30
61 26
59 30
35 56
7 56
48 60
14 9
22 43
32 62
46 9
16 56
45 43
26 24
28 31
8 59
34 19
62 50
31 42
62 61
29 18
63 6
25 65
12 48
1 29
59 55
23 37
9 20
4 11
39 19
5 23
41 53
58 44
58 64
36 43
27 12
40 3
51 15
57 65
7 53
53 21
58 39
45 47
51 5
4 48
46 18
29 60
51 10
40 45
65 40
17 46
23 38
33 17
5 60
13 26
39 63
54 12
18 30
61 47
63 7
47 6
1 6
49 17
118
106 69
15 41
41 53
21 53
42 53
87 17
105 9
113 1
33 92
61 67
48 76
10 110
57 28
61 103
100 79
11 54
56 37
93 67
89 80
20 2
73 107
106 98
45 4
77 59
104 87
117 4
68 35
31 54
105 29
97 94
24 13
101 77
87 35
23 4
19 81
67 70
71 18
99 102
115 5
11 19
45 65
98 105
7 81
54 58
51 60
19 111
88 61
75 17
73 2
25 89
101 102
32 1
39 51
57 82
58 27
49 85
105 109
34 112
14 48
37 38
58 91
100 21
33 48
32 11
2 97
33 116
108 67
53 89
83 1
47 40
95 118
112 113
99 35
90 7
13 18
1 67
58 43
18 84
66 67
99 48
115 108
1 106
111 3
96 112
105 86
83 36
70 24
40 114
6 54
35 78
49 1
74 55
37 102
64 67
22 76
47 115
62 57
107 8
55 24
30 54
64 110
57 70
89 44
45 46
12 85
115 63
112 99
21 72
95 98
5 16
66 107
24 52
51 102
45 11
66 50
21 112
26 62
136
17 65
25 36
82 68
83 131
54 39
1 91
34 95
82 77
119 67
134 102
5 66
58 84
84 49
101 11
38 10
45 50
83 68
132 116
119 20
119 110
66 36
56 63
82 123
59 82
74 81
25 65
106 29
133 41
16 94
106 19
73 103
7 86
62 50
56 117
57 15
2 93
79 59
128 82
113 39
19 136
7 56
14 53
39 50
28 125
96 34
131 124
61 68
17 54
31 17
37 97
19 94
12 7
46 19
9 101
61 33
124 85
105 45
122 120
38 2
97 32
71 40
110 130
2 40
96 23
22 79
99 89
99 71
41 127
71 104
51 7
88 93
65 24
80 71
71 100
135 88
52 55
2 19
112 24
15 6
57 4
134 1
87 57
19 18
109 114
2 54
7 126
121 94
82 42
103 34
133 70
108 34
28 73
109 52
6 69
8 60
109 75
119 61
14 3
43 27
64 122
27 47
81 116
30 7
32 24
19 107
1 49
41 78
87 121
60 123
122 86
35 113
115 110
86 14
72 136
113 43
129 41
24 98
1 39
33 44
7 55
44 48
103 86
118 111
13 119
12 90
76 88
82 54
106 101
26 83
45 129
81 101
7 1
124 92
39 21
84 111
51
36 18
37 32
3 19
31 11
13 42
48 9
26 29
16 6
8 27
50 51
12 19
34 18
16 40
27 2
51 7
1 12
37 30
17 8
51 33
5 35
48 46
37 33
18 25
15 29
14 48
6 20
9 33
45 28
24 12
38 21
49 20
19 6
39 16
5 4
36 24
21 47
9 17
5 43
35 29
45 3
17 1
27 23
31 8
20 22
24 35
36 13
21 3
41 45
13 44
31 10
142
104 11
131 38
48 90
105 103
122 116
83 27
41 37
91 132
64 56
80 19
59 105
94 17
77 4
85 101
112 3
36 65
13 45
96 1
113 68
28 73
68 34
67 57
61 126
8 71
51 10
70 125
120 98
10 34
135 5
30 45
83 96
117 126
80 94
70 133
71 140
93 87
97 72
36 66
49 138
102 69
13 89
129 11
7 61
36 1
64 74
57 120
32 142
10 82
125 66
136 85
95 2
65 98
31 110
80 111
83 17
120 110
14 2
81 129
124 142
12 142
99 47
13 92
27 34
126 26
46 24
16 35
35 45
77 109
85 72
14 91
108 77
139 47
78 30
32 116
18 69
103 118
112 76
41 42
55 68
107 60
134 135
97 66
76 63
62 46
63 141
79 15
103 25
54 93
40 123
52 63
44 131
33 35
72 93
88 91
79 94
117 86
78 96
23 28
121 79
104 78
30 4
129 20
71 44
49 26
32 97
127 64
135 24
114 116
50 75
60 119
57 84
69 22
44 138
106 59
41 130
125 42
22 123
61 21
105 27
50 74
26 14
47 42
29 112
4 28
11 60
58 59
128 133
39 2
6 46
90 70
90 53
138 24
49 65
123 100
9 110
115 50
137 133
74 17
104 76
98 22
43 131
128
60 47
91 2
75 6
34 59
13 73
128 118
12 79
17 20
99 69
54 64
37 78
38 126
118 23
41 120
67 89
84 119
106 33
50 112
51 90
35 110
1 20
82 29
55 123
62 127
74 71
127 125
106 97
92 108
49 42
6 56
40 100
15 2
124 91
88 46
18 65
116 82
95 121
7 110
124 26
10 21
74 73
101 102
101 87
61 63
109 111
31 5
32 45
57 117
103 120
121 48
48 59
25 28
43 5
3 78
46 69
28 16
42 88
116 14
109 126
52 19
44 77
77 70
85 32
100 94
115 40
16 75
36 9
76 99
128 80
11 115
84 112
43 37
102 105
39 122
27 107
114 55
103 94
83 31
95 89
17 122
93 13
35 71
7 54
79 33
125 81
53 45
27 56
60 22
19 98
30 66
114 9
117 15
12 83
61 72
107 98
62 21
108 64
66 36
97 72
30 90
18 39
8 29
4 92
25 49
57 41
76 104
26 96
113 104
58 67
85 81
47 24
51 113
70 65
68 96
93 3
86 24
80 38
86 111
10 68
63 123
34 52
119 105
58 22
50 11
4 87
23 14
44 8
112
22 31
108 25
32 75
7 48
5 101
70 86
69 103
74 1
84 54
100 18
67 44
42 89
21 106
78 47
7 71
83 43
49 83
23 87
33 4
34 26
111 93
72 93
9 61
23 82
1 44
41 7
102 14
58 9
35 10
95 16
36 75
52 106
20 41
82 6
1 83
37 20
26 56
62 87
26 41
2 52
53 49
3 39
23 39
45 103
78 76
19 14
27 101
1 86
40 108
35 49
4 26
99 47
93 41
97 93
27 45
20 13
82 1
14 49
88 57
51 36
20 60
85 64
69 28
20 38
89 86
72 63
29 1
44 24
32 105
96 39
60 77
66 70
37 81
82 54
55 63
92 3
23 109
25 20
91 33
86 17
15 108
79 64
44 59
104 93
12 64
49 98
33 90
110 87
71 65
20 1
77 73
70 11
74 107
12 112
46 80
100 20
30 87
58 36
36 100
89 22
70 27
68 39
21 35
111 8
95 9
99 58
82 64
80 47
57 93
50 94
50 47
79
60 70
30 42
65 35
24 6
53 38
73 54
76 39
56 35
10 24
13 63
77 56
71 36
24 64
49 54
25 55
52 13
27 17
7 67
74 11
37 16
79 44
75 63
13 21
14 20
31 65
44 4
52 17
72 36
20 60
71 40
30 76
2 4
23 51
30 54
68 18
2 19
46 60
62 33
48 33
22 35
44 66
42 6
8 25
21 58
50 74
6 18
67 59
3 18
65 78
52 25
19 1
16 5
22 36
2 37
4 23
1 63
72 57
56 69
67 21
61 9
34 33
75 22
23 47
9 29
12 16
41 58
74 37
14 75
62 38
43 71
76 26
62 14
9 20
38 28
32 72
15 17
58 45
42 19
103
71 53
45 30
103 13
67 74
48 99
63 89
101 61
17 21
20 45
61 57
46 48
95 74
92 40
67 55
45 71
71 50
48 33
8 4
64 47
83 66
37 79
91 76
80 93
100 48
68 82
71 24
70 14
23 43
5 35
32 71
59 46
8 72
71 1
68 23
65 12
72 48
90 72
58 65
30 39
25 73
95 51
15 14
85 34
90 98
103 19
3 85
52 13
69 72
38 15
56 53
81 28
44 86
64 29
58 37
95 63
47 26
96 34
3 93
42 84
82 48
25 42
72 13
6 64
28 64
58 29
81 10
83 68
42 49
74 49
5 77
97 21
44 96
15 1
85 17
78 15
92 15
25 72
82 87
53 22
102 17
16 13
54 36
96 49
75 94
91 98
62 8
99 61
74 11
66 54
16 31
58 49
22 18
41 30
22 7
58 60
1 49
100 27
85 77
72 88
48 9
49 94
2 37
75
75 2
31 19
71 8
36 28
4 65
71 50
39 67
68 23
71 62
57 19
66 36
44 52
49 61
51 33
64 51
74 66
73 75
5 22
38 16
54 29
11 19
34 54
55 32
46 47
64 63
37 4
41 20
36 40
54 52
38 69
7 36
22 43
6 23
49 35
5 58
52 47
30 48
62 20
55 52
3 71
52 62
56 47
50 24
75 25
9 49
55 69
66 51
59 23
42 10
12 24
30 52
12 45
55 68
29 60
57 44
69 26
21 62
39 68
17 50
39 15
38 37
14 27
32 72
64 44
6 13
53 70
48 58
42 71
53 33
18 34
44 75
14 75
49 54
1 54
107
64 87
65 80
61 90
80 37
76 82
46 94
42 26
37 69
83 30
74 67
5 86
16 43
77 70
50 105
19 2
47 75
59 91
61 3
71 82
15 66
11 40
84 14
56 96
90 60
16 17
33 81
66 44
43 26
74 9
32 35
28 88
24 21
98 55
71 29
39 12
103 8
98 40
6 70
16 73
75 95
63 35
65 100
82 97
28 75
64 70
56 22
83 67
63 45
84 53
104 26
1 56
7 87
91 5
23 38
99 94
41 53
48 91
74 34
96 76
8 13
92 4
81 12
90 64
62 97
72 21
81 41
10 2
102 107
88 20
92 78
41 22
25 102
87 89
97 31
10 55
67 45
53 21
2 49
37 43
88 52
65 93
18 83
66 10
36 33
5 8
51 105
76 28
55 60
106 40
33 79
57 105
80 94
60 69
35 85
86 22
61 58
1 69
86 51
54 84
102 51
68 71
12 27
63 38
101 38
98 92
45 96
69
56 42
6 43
67 63
24 45
10 8
24 27
11 57
31 2
16 12
38 18
27 41
36 26
8 61
61 52
50 66
8 48
3 58
27 5
40 1
41 48
64 59
50 18
51 47
42 13
68 18
65 5
28 42
28 55
38 55
21 10
2 43
61 19
46 22
4 44
25 46
49 46
59 12
53 59
23 6
5 60
37 15
50 63
14 57
36 58
55 43
6 7
44 68
58 48
20 2
40 41
16 22
1 38
17 54
37 12
44 62
40 16
28 51
66 34
69 10
30 66
63 32
9 36
35 51
37 33
24 29
22 57
54 68
54 39
129
100 88
89 96
121 31
54 52
46 112
72 4
123 4
38 109
62 66
129 20
113 90
99 11
97 19
6 44
26 85
78 5
75 87
94 98
91 102
9 27
94 99
104 118
33 48
115 64
80 13
103 24
61 14
67 33
113 36
92 98
73 63
111 103
83 10
47 7
81 53
42 58
122 43
69 91
29 116
42 119
35 53
79 47
116 20
16 112
106 126
82 95
35 8
86 43
32 60
51 123
12 125
108 71
93 32
120 54
49 93
111 106
126 70
86 92
59 57
121 15
122 82
68 45
128 34
5 50
19 76
114 84
124 22
127 117
124 30
79 17
55 26
11 115
80 59
96 36
25 110
3 107
101 104
88 125
100 97
65 110
118 62
1 2
3 25
65 58
75 101
72 56
21 74
78 39
61 22
40 39
128 13
45 17
108 105
73 49
117 28
68 15
84 60
70 41
7 29
27 2
41 107
21 105
89 120
57 74
76 23
129 102
30 127
46 63
31 48
81 52
9 119
69 109
24 77
64 50
8 51
14 56
114 83
67 66
38 40
6 71
90 18
16 37
23 95
37 85
34 10
18 87
12 77
28 44
50
17 24
15 39
44 28
7 15
41 37
47 45
42 5
27 14
18 21
14 29
20 26
2 48
35 44
38 11
5 25
37 11
24 48
46 43
14 41
8 6
33 26
31 42
27 50
36 45
29 9
6 34
5 44
2 12
8 48
31 41
31 1
10 43
25 13
43 37
24 16
29 23
12 26
49 22
4 27
40 21
11 19
2 1
22 8
42 36
15 36
21 12
25 3
32 45
6 30
107
79 56
103 27
91 90
90 75
101 84
50 56
40 14
69 71
27 48
27 87
23 103
103 58
63 2
67 58
11 29
68 16
2 4
65 62
56 1
3 9
15 22
99 87
58 73
58 78
31 52
2 7
98 59
19 42
101 66
25 76
74 94
38 57
40 78
6 100
70 38
11 105
103 102
3 104
11 80
53 102
19 77
12 35
81 50
27 39
103 68
83 60
100 106
63 66
31 94
89 54
78 76
69 63
18 36
32 12
12 51
46 73
24 97
1 86
5 44
68 60
93 19
2 91
36 12
7 5
91 11
98 50
88 21
101 64
31 49
27 34
33 74
65 90
54 32
22 13
25 12
30 1
10 11
2 58
22 42
45 29
106 107
8 91
91 97
49 11
28 75
26 31
95 3
101 37
17 72
49 82
79 41
47 14
19 66
102 1
43 69
78 85
7 3
102 57
88 104
73 55
106 1
20 8
72 19
11 61
92 101
3 96
97
13 48
19 15
17 95
79 43
54 95
72 30
7 81
73 84
80 26
89 1
70 66
92 81
86 36
73 57
95 70
42 74
31 18
56 83
14 65
12 48
15 42
82 1
90 51
75 77
11 28
77 52
50 35
3 8
20 54
56 86
18 44
88 14
6 83
71 22
64 97
80 81
11 96
1 49
47 24
15 95
80 10
59 17
85 88
47 32
82 43
80 56
58 38
73 38
58 1
54 63
82 40
21 60
76 2
22 40
7 25
22 96
67 61
5 50
33 27
72 50
80 58
63 77
39 93
73 91
36 3
54 76
71 41
59 16
29 85
68 22
4 95
56 9
85 97
62 23
62 60
88 69
78 25
38 33
44 53
45 75
17 60
46 85
87 58
81 44
34 82
18 37
54 90
72 92
67 80
94 86
42 55
1 17
54 12
85 39
17 65
47 95
115
1 74
68 1
50 1
94 1
1 26
7 1
75 1
42 1
1 92
65 1
1 21
1 58
28 1
1 72
1 52
111 1
45 1
34 1
1 46
25 1
1 36
64 1
112 1
1 97
1 2
33 1
1 95
1 35
110 1
1 11
38 1
1 66
100 1
1 102
1 103
51 1
1 31
63 1
93 1
1 9
27 1
1 6
1 90
3 1
104 1
1 96
1 14
23 1
24 1
69 1
1 115
10 1
86 1
82 1
87 1
113 1
1 57
106 1
1 43
1 8
1 18
1 89
54 1
1 17
77 1
1 73
79 1
61 1
80 1
71 1
1 55
1 109
1 15
108 1
59 1
81 1
78 1
4 1
84 1
39 1
1 29
1 13
1 19
91 1
114 1
1 47
1 62
40 1
1 12
1 60
83 1
1 37
5 1
1 101
1 67
1 56
1 76
1 44
85 1
1 32
1 99
1 16
1 30
98 1
53 1
1 105
1 88
70 1
49 1
1 22
1 41
107 1
48 1
20 1
107
70 14
88 100
22 58
28 93
17 76
29 12
37 6
45 91
38 82
85 56
53 105
97 5
21 77
52 26
96 18
7 23
43 27
68 102
29 71
31 98
72 73
15 2
80 13
96 61
1 73
68 82
6 4
62 101
54 21
70 61
15 104
71 53
79 67
43 69
20 41
107 69
42 59
44 83
48 100
9 34
74 32
46 57
33 42
16 3
46 76
39 52
66 35
99 33
26 93
47 59
97 36
40 11
81 28
104 84
77 48
22 30
23 79
51 103
55 94
102 64
10 78
92 13
90 89
8 66
10 40
91 86
106 25
63 17
36 8
75 95
20 105
50 18
72 49
60 75
50 12
90 74
35 2
60 57
24 99
51 44
19 45
81 24
9 65
92 89
58 87
3 84
34 30
88 31
101 98
106 87
37 38
49 11
94 65
56 47
55 83
7 78
67 39
54 5
85 86
16 41
80 14
107 63
32 103
19 27
95 64
25 4
110
49 102
46 100
92 18
105 76
27 31
59 19
19 32
98 12
55 40
79 66
46 95
5 92
94 16
58 14
104 64
52 3
38 12
67 6
33 36
57 84
9 35
79 7
7 74
73 106
56 106
25 63
110 17
43 28
10 54
88 87
108 42
53 109
15 80
69 47
67 36
39 81
20 60
2 28
4 93
86 35
99 63
89 82
107 26
29 78
77 54
26 44
81 76
39 70
9 57
85 30
83 34
48 69
95 61
109 90
73 8
17 6
13 87
1 93
25 103
62 24
62 71
29 102
42 68
70 43
10 13
30 103
85 45
41 97
101 37
4 34
65 22
2 96
45 90
82 3
11 48
83 53
49 96
47 100
89 38
56 21
50 55
105 60
101 23
8 37
51 72
61 23
21 31
97 59
22 72
108 15
52 99
50 104
14 5
74 75
88 66
40 91
32 68
91 51
44 65
18 110
86 98
27 75
20 84
71 33
16 64
58 77
107 80
24 94
78 11
61
17 30
37 15
11 38
52 43
17 22
18 47
4 2
21 12
6 50
28 37
57 9
31 30
56 19
40 61
60 44
14 24
13 56
48 42
35 23
33 45
57 42
27 13
52 33
44 7
32 49
54 8
46 49
10 28
51 39
2 40
27 46
39 25
60 12
16 32
11 4
34 15
22 8
10 5
14 20
29 38
3 53
21 53
26 36
36 1
51 5
50 59
23 54
25 31
29 34
16 3
41 7
20 61
9 43
58 24
47 35
55 58
59 41
6 48
19 55
26 45
137
1 135
1 87
1 100
1 103
2 1
128 1
1 48
51 1
106 1
79 1
1 53
116 1
13 1
124 1
134 1
17 1
63 1
3 1
1 41
1 77
1 95
1 56
105 1
9 1
88 1
19 1
94 1
1 15
1 117
1 70
1 64
130 1
123 1
1 122
1 28
34 1
25 1
108 1
1 22
23 1
1 101
115 1
36 1
1 91
8 1
125 1
1 65
1 10
1 44
12 1
1 67
92 1
1 118
1 59
121 1
1 42
1 40
1 33
84 1
1 109
1 120
1 32
66 1
1 98
1 71
1 35
1 5
76 1
1 14
1 4
46 1
69 1
11 1
1 43
75 1
93 1
1 89
1 45
61 1
96 1
1 30
74 1
129 1
1 47
31 1
1 73
1 26
1 18
1 60
113 1
110 1
1 39
1 85
72 1
1 27
1 81
1 24
137 1
37 1
1 136
1 97
127 1
1 68
99 1
82 1
52 1
54 1
1 119
83 1
1 16
90 1
1 126
7 1
1 38
58 1
102 1
132 1
21 1
1 107
29 1
49 1
6 1
111 1
1 131
1 133
114 1
1 50
1 57
1 104
78 1
62 1
80 1
1 86
1 112
1 55
20 1
108
79 48
89 21
19 40
97 75
82 55
9 23
101 72
17 108
70 96
70 24
7 93
37 8
44 65
18 44
34 37
72 98
40 12
36 35
34 32
26 14
90 43
8 107
67 101
79 54
107 80
93 100
57 6
69 77
76 27
95 13
51 61
66 94
54 52
60 26
74 29
50 68
58 73
68 23
108 31
48 85
17 73
80 100
85 28
104 42
71 64
14 30
81 105
77 76
83 20
50 75
88 38
71 3
91 65
81 4
46 56
41 90
62 16
28 32
35 11
15 64
74 25
2 78
31 102
13 63
5 103
39 61
86 57
99 84
20 15
49 87
58 95
52 53
43 5
53 99
94 102
55 92
96 12
92 46
38 27
19 21
45 22
1 4
33 51
106 49
106 39
82 10
86 11
63 98
36 104
47 84
88 56
69 3
60 22
62 33
67 16
10 9
25 103
42 97
45 47
91 89
18 7
24 83
59 87
59 41
105 29
78 6
66 30
56
39 40
43 31
22 16
14 44
10 8
45 46
56 43
7 9
2 51
12 34
15 27
47 50
2 16
8 1
48 26
24 48
10 45
52 12
34 40
42 50
53 18
21 47
3 16
6 40
36 10
33 46
23 36
8 51
5 30
25 11
15 45
17 11
44 20
28 48
15 49
20 11
52 29
21 38
20 51
12 41
23 54
53 55
47 30
21 32
50 24
42 1
37 46
42 34
19 44
43 36
35 9
9 2
53 24
4 30
13 23
83
11 1
77 1
58 1
55 1
56 1
1 26
1 17
1 27
46 1
59 1
38 1
1 32
51 1
75 1
4 1
1 71
1 65
1 14
73 1
42 1
1 64
34 1
1 7
29 1
1 10
40 1
1 19
1 69
1 18
63 1
1 80
53 1
15 1
1 25
1 31
60 1
61 1
1 78
1 72
1 30
1 47
1 2
1 37
1 66
1 82
1 20
76 1
68 1
1 12
1 28
1 54
1 70
1 5
9 1
1 24
1 36
13 1
52 1
8 1
83 1
21 1
1 16
22 1
1 74
3 1
67 1
49 1
1 43
1 57
35 1
1 33
79 1
1 6
1 48
23 1
1 41
1 45
50 1
62 1
1 44
1 81
1 39
104
80 37
84 100
34 9
38 37
70 88
8 19
24 2
9 44
16 47
53 75
93 56
96 46
93 86
22 40
29 52
41 50
63 38
3 87
20 4
74 18
79 69
50 70
17 1
68 51
83 95
57 54
64 82
3 45
33 8
54 101
29 67
84 59
61 90
39 12
40 53
59 76
31 11
36 89
71 92
103 64
28 78
6 94
30 91
85 76
99 55
101 62
89 42
68 79
47 66
5 44
75 10
48 20
94 58
81 24
35 104
98 21
97 14
10 18
56 13
96 22
73 30
23 87
97 26
12 52
72 88
60 51
23 86
43 25
65 77
6 85
7 17
39 72
42 27
71 100
99 91
74 49
35 36
83 31
41 27
46 34
55 32
11 60
78 49
14 58
90 15
63 82
67 103
77 16
33 15
48 65
7 32
43 5
4 73
26 102
13 81
25 57
61 66
98 69
104 92
2 62
80 19
21 28
95 102
145
64 14
70 26
90 137
90 93
88 136
30 57
80 89
129 73
105 3
71 58
32 44
38 92
116 67
98 50
125 64
71 78
78 25
115 37
74 54
120 6
108 53
29 108
36 100
123 31
59 1
43 6
19 22
24 32
72 63
19 112
83 68
34 124
69 43
91 54
12 28
124 104
58 7
87 98
87 1
118 136
142 58
138 2
79 104
94 132
43 64
110 45
21 66
144 95
50 144
74 90
46 96
72 52
132 96
26 52
86 89
78 39
85 51
65 108
72 119
98 16
3 35
76 18
95 117
61 83
122 32
97 19
141 74
76 100
27 140
107 111
67 109
141 23
118 84
45 143
62 85
136 52
87 93
102 145
48 88
65 16
42 5
79 77
22 69
114 16
3 44
102 59
9 140
118 31
67 140
28 116
48 96
138 68
31 47
82 37
59 88
100 48
129 114
130 84
75 95
127 36
138 103
38 106
132 56
114 15
8 107
84 134
4 26
40 126
144 21
80 38
49 36
126 68
11 93
128 21
101 89
33 79
137 107
141 121
5 2
46 139
81 28
145 116
85 22
30 13
103 69
54 20
41 129
15 113
60 15
30 137
44 11
37 65
50 71
102 103
6 17
45 2
5 135
133 126
10 83
76 99
11 80
104 145
46 55
124 131
50
6 20
18 31
29 8
30 25
47 23
5 42
1 3
36 29
45 15
38 37
38 44
26 21
20 24
38 12
3 39
43 46
40 31
9 19
49 23
9 40
13 5
45 10
9 11
9 43
47 50
1 48
34 1
10 4
7 27
25 11
35 37
28 25
1 10
47 2
38 17
48 24
27 24
1 32
26 9
9 1
11 14
13 10
33 22
16 27
29 45
39 38
33 13
41 26
47 43
91
10 9
22 68
54 17
62 39
19 87
68 60
84 87
63 34
7 41
58 60
18 64
56 10
12 17
37 42
76 68
1 51
59 68
71 5
42 90
87 47
82 66
38 16
56 50
24 26
65 55
72 75
20 7
28 69
40 82
46 40
8 6
11 18
6 1
60 45
28 26
76 61
75 3
32 44
88 61
68 42
1 13
79 23
2 74
29 72
11 12
27 88
87 76
85 39
32 61
1 48
15 4
77 79
2 33
37 89
33 86
77 24
14 21
52 72
57 87
20 82
63 68
65 40
81 20
36 67
82 49
31 76
80 55
22 91
83 67
1 82
12 1
30 46
26 1
67 26
78 24
51 43
36 35
39 24
43 70
75 1
8 53
4 82
68 1
36 25
73 61
42 5
10 60
2 7
61 38
14 76
121
45 93
18 29
10 47
110 89
54 107
59 8
109 35
91 13
60 108
114 102
97 30
28 40
55 44
85 43
109 114
37 111
42 50
80 68
111 56
99 36
105 110
64 49
35 13
67 31
60 16
65 100
51 121
92 11
87 96
28 116
119 21
112 52
7 12
66 38
120 43
46 30
26 99
100 41
57 121
103 106
104 9
54 48
3 85
19 65
107 61
118 19
117 83
96 101
21 94
72 33
14 116
117 58
81 79
86 78
79 22
2 77
74 33
5 4
75 57
55 70
61 70
81 53
58 4
11 118
41 75
18 106
8 39
62 74
103 84
88 64
1 77
52 115
113 53
62 24
87 24
80 108
66 73
115 73
44 51
104 88
25 31
20 46
9 42
83 120
40 34
47 25
17 7
39 91
50 72
97 63
6 113
20 5
82 95
112 76
29 10
3 45
34 32
22 102
15 27
98 90
15 94
37 17
68 36
90 105
86 101
59 78
12 69
93 95
98 56
67 119
71 82
23 2
71 76
89 6
63 49
23 32
69 48
26 84
38 16
14 27
124
19 69
13 60
124 122
42 52
57 52
43 1
11 112
8 94
92 78
24 80
46 61
55 69
57 77
61 35
65 19
54 91
111 17
64 40
18 64
86 16
27 15
21 61
90 37
81 88
122 64
59 120
95 119
66 55
28 9
50 46
44 31
31 74
95 49
101 117
80 122
26 4
78 113
24 17
97 29
10 117
112 32
123 46
105 87
90 75
89 108
106 67
34 93
83 61
41 72
70 115
25 122
30 4
84 86
33 89
84 85
7 73
62 51
76 37
79 106
95 20
72 34
115 46
98 47
36 2
104 32
67 48
7 119
99 97
72 110
57 112
23 122
54 22
120 114
82 25
54 121
1 58
123 63
84 96
19 122
34 122
68 123
56 60
53 118
122 1
60 14
23 74
60 47
93 71
54 59
19 107
33 54
43 102
84 38
45 37
6 74
92 61
12 124
117 1
9 40
54 27
73 75
5 105
39 52
100 32
33 85
86 8
3 106
109 22
118 15
119 87
2 97
7 122
104 117
88 61
87 103
19 67
4 60
60 121
62 87
2 122
67 54
22 116
74 61
67
13 1
57 1
1 35
29 1
1 28
58 1
19 1
39 1
59 1
51 1
1 66
7 1
1 25
8 1
60 1
1 38
54 1
32 1
1 36
6 1
5 1
11 1
48 1
49 1
10 1
20 1
1 52
1 56
22 1
4 1
46 1
9 1
45 1
1 41
1 67
1 30
1 16
1 42
1 17
1 37
47 1
1 64
1 18
1 44
40 1
1 33
1 23
50 1
61 1
1 62
12 1
31 1
21 1
1 63
24 1
2 1
55 1
1 53
15 1
1 43
1 65
34 1
1 14
1 26
27 1
1 3
91
63 1
13 1
65 1
44 1
42 1
1 2
84 1
1 57
1 3
52 1
1 12
67 1
30 1
1 20
66 1
10 1
74 1
1 88
58 1
1 78
38 1
64 1
1 6
1 14
1 71
1 48
37 1
17 1
1 89
9 1
1 91
59 1
1 61
5 1
87 1
19 1
1 77
1 41
45 1
1 33
35 1
1 39
36 1
8 1
70 1
1 76
75 1
1 23
90 1
54 1
1 24
11 1
1 50
28 1
34 1
62 1
1 7
4 1
1 18
1 22
1 15
27 1
1 60
40 1
81 1
1 53
51 1
1 25
68 1
82 1
86 1
1 29
1 69
1 72
1 56
55 1
1 49
32 1
1 47
1 83
16 1
79 1
1 21
43 1
73 1
80 1
46 1
31 1
26 1
85 1
56
5 7
3 24
41 49
40 18
45 25
29 27
25 12
51 56
36 56
8 24
19 32
42 54
31 51
23 28
52 5
52 20
4 17
6 2
48 55
42 29
37 39
40 37
30 38
38 46
20 9
10 22
35 16
14 32
10 48
12 55
53 8
15 44
11 47
15 33
43 23
35 33
44 2
13 18
19 41
26 22
54 53
21 3
4 21
34 28
16 27
49 46
13 6
45 47
9 26
36 14
50 7
39 1
34 17
31 11
43 30
71
9 36
58 66
8 9
71 46
62 49
3 55
61 9
41 60
58 50
60 56
57 18
17 11
68 29
27 23
3 32
10 49
64 19
46 22
34 19
8 21
71 53
3 64
43 42
42 12
60 19
5 35
38 27
20 71
47 71
2 31
17 22
20 66
59 9
19 26
9 20
7 30
42 35
1 4
59 18
64 37
64 1
42 13
67 25
8 37
22 40
57 33
42 49
9 7
6 66
25 34
63 54
65 19
34 2
8 68
45 52
53 39
2 48
23 69
16 1
22 70
40 15
66 45
51 69
62 19
14 1
44 53
19 28
24 69
30 63
23 60
81
44 19
22 18
73 9
37 41
51 36
11 79
66 44
70 5
26 47
13 58
53 72
30 42
31 25
74 32
13 72
23 25
25 15
28 8
12 44
41 54
27 43
50 55
67 73
77 68
42 71
17 2
75 5
52 35
4 1
27 16
55 24
59 68
50 75
1 24
33 45
28 34
79 61
26 69
46 65
39 35
49 4
48 55
57 41
62 77
39 49
66 63
76 12
48 32
18 15
53 15
10 65
19 43
42 39
60 27
36 3
75 33
77 40
37 36
20 73
12 78
19 4
48 34
35 81
64 18
29 28
74 7
67 50
14 74
24 53
17 21
80 13
33 38
43 26
66 6
79 32
72 68
17 67
34 65
49 37
56 5
65
12 31
57 58
32 34
54 7
15 10
41 17
54 10
29 50
41 3
44 54
58 22
7 42
30 10
21 23
40 47
19 56
54 9
37 21
1 61
41 56
26 54
28 53
55 4
24 16
33 5
52 58
24 33
4 28
60 3
18 36
58 10
41 45
35 39
37 32
64 65
60 46
49 17
64 37
46 27
53 13
36 1
59 33
5 48
10 24
42 20
53 11
37 1
8 64
54 50
37 47
54 35
2 37
25 51
56 33
13 63
14 62
55 43
53 3
33 1
58 51
1 62
12 3
6 23
21 38
56
44 11
36 28
28 4
46 24
40 55
16 37
6 34
8 3
56 19
52 21
10 45
23 39
43 20
37 15
51 33
14 47
45 41
47 4
50 22
19 35
48 16
29 26
1 2
30 31
31 5
2 32
53 26
11 25
49 7
25 12
41 49
27 12
39 30
56 52
9 42
43 13
18 54
23 3
14 40
5 7
9 6
38 46
18 32
17 21
13 42
24 34
55 29
36 50
35 22
27 54
53 48
20 33
38 44
51 17
15 8
145
1 112
1 4
1 122
121 1
20 1
1 94
1 125
1 144
134 1
119 1
1 135
85 1
1 81
145 1
69 1
117 1
86 1
120 1
67 1
6 1
1 38
1 139
113 1
53 1
1 102
1 123
142 1
61 1
128 1
54 1
96 1
1 97
1 116
32 1
30 1
127 1
1 71
58 1
10 1
1 108
1 98
16 1
57 1
1 66
14 1
1 17
99 1
1 12
89 1
48 1
133 1
1 84
44 1
15 1
1 34
138 1
105 1
137 1
1 18
76 1
1 80
1 82
1 8
1 55
65 1
1 100
1 111
141 1
7 1
1 130
1 83
1 39
46 1
28 1
49 1
64 1
1 62
1 50
124 1
93 1
35 1
1 101
36 1
2 1
1 77
114 1
143 1
1 118
1 88
95 1
29 1
1 140
1 70
27 1
1 41
132 1
25 1
72 1
59 1
131 1
13 1
1 103
63 1
104 1
11 1
3 1
1 21
1 87
1 40
47 1
91 1
1 42
110 1
1 33
26 1
1 5
1 43
1 79
1 136
73 1
1 37
1 92
1 78
51 1
52 1
1 68
1 23
126 1
56 1
106 1
1 109
31 1
115 1
45 1
1 74
9 1
1 90
1 107
75 1
1 19
129 1
1 60
24 1
22 1
73
22 19
63 32
69 36
35 67
23 37
53 25
62 45
51 40
10 51
49 7
40 6
43 31
22 16
40 57
15 60
52 71
44 11
56 23
22 1
25 7
46 61
43 38
29 1
58 73
6 17
49 64
60 22
8 63
57 36
28 27
7 72
29 24
49 20
47 7
9 55
40 54
1 40
73 7
52 34
61 68
18 6
55 41
71 3
55 29
57 43
70 43
57 27
63 49
5 35
68 48
65 63
52 40
73 68
13 39
25 33
66 25
62 39
11 45
45 57
35 24
21 39
1 30
23 17
22 42
50 52
45 12
55 26
73 59
4 39
29 7
14 72
2 30
113
1 18
11 1
1 50
76 1
87 1
108 1
1 71
43 1
1 75
1 30
91 1
1 7
1 94
1 12
1 52
112 1
1 106
1 34
1 89
1 35
1 79
69 1
105 1
1 83
53 1
1 84
1 88
1 40
19 1
1 56
1 41
1 38
1 15
86 1
98 1
1 113
111 1
1 90
1 57
1 46
48 1
60 1
99 1
1 97
1 78
101 1
1 3
92 1
1 21
1 73
1 45
55 1
1 6
1 72
62 1
1 26
32 1
1 65
68 1
29 1
14 1
67 1
1 36
109 1
1 28
2 1
13 1
1 39
110 1
1 61
1 17
104 1
1 103
1 107
1 93
1 54
74 1
1 27
33 1
1 20
63 1
100 1
1 37
1 80
64 1
1 10
1 49
1 96
1 25
51 1
77 1
95 1
16 1
1 85
1 81
22 1
1 5
1 24
9 1
4 1
23 1
1 58
1 59
1 66
1 44
1 82
1 47
8 1
1 42
102 1
31 1
70 1
107
88 15
18 90
14 23
86 81
3 32
45 64
35 3
34 11
83 17
68 21
57 8
79 93
96 47
26 82
61 76
51 1
9 60
97 55
99 30
34 54
93 6
76 10
69 72
85 66
65 71
22 21
60 91
68 20
36 94
49 23
17 98
78 49
53 46
51 26
13 73
97 70
67 52
81 72
100 31
73 102
44 106
84 74
85 37
24 64
98 62
83 50
5 30
9 40
55 61
77 46
39 45
15 99
92 10
75 107
59 87
78 27
7 43
18 42
94 62
42 35
11 29
80 39
56 31
43 101
38 105
47 25
86 101
65 102
103 104
91 59
66 38
32 29
20 71
100 63
12 80
56 48
19 8
36 2
106 50
25 41
77 44
6 27
82 37
12 4
89 41
63 40
57 13
70 16
4 74
92 54
19 96
103 89
79 95
7 28
48 105
107 95
22 58
14 84
69 2
24 5
58 16
28 88
75 52
33 87
33 104
67 90
106
41 103
92 12
72 41
104 18
67 40
14 36
63 77
28 74
106 43
87 105
18 97
39 33
90 34
37 104
30 44
56 32
79 11
2 26
43 55
32 70
23 83
80 99
28 20
81 75
25 50
46 77
11 58
8 53
49 10
78 71
72 25
75 29
46 17
22 54
93 9
19 92
93 83
45 31
102 84
20 65
55 19
69 3
82 79
36 37
42 87
76 44
13 61
89 91
17 5
62 67
24 86
3 90
64 7
16 91
69 88
50 95
86 31
58 73
15 33
56 85
85 80
13 2
63 38
48 24
105 98
94 39
52 15
52 54
45 100
95 60
102 22
62 76
61 82
68 48
97 12
49 65
30 47
35 94
27 101
66 29
64 60
98 59
81 53
38 42
9 66
106 70
73 21
23 16
34 40
96 71
96 6
14 47
35 26
100 101
57 51
59 51
103 4
99 8
27 57
7 1
21 78
88 5
84 4
6 10
89 74
83
78 11
70 38
80 17
70 69
69 79
31 76
43 4
20 10
81 37
73 48
27 47
58 30
2 5
18 71
47 14
8 39
45 46
67 3
57 4
77 65
49 16
21 62
80 22
46 82
64 72
54 74
52 1
14 9
19 38
62 65
13 12
83 17
76 33
82 34
59 37
49 56
50 42
42 53
50 2
36 63
18 27
60 68
73 51
61 32
32 48
30 13
78 60
3 57
44 26
12 29
55 59
74 68
6 66
31 16
56 23
61 40
25 75
8 40
28 7
35 26
67 5
43 41
52 19
41 79
29 22
25 77
63 28
58 35
36 45
44 64
23 6
24 34
71 55
53 24
11 15
83 15
20 54
7 81
9 51
10 39
66 72
33 21
97
53 56
93 47
63 5
8 14
27 33
35 45
37 62
67 69
26 64
20 41
9 61
68 32
89 77
49 30
38 44
56 44
17 88
73 86
96 23
10 76
12 9
11 57
61 3
57 46
62 6
21 25
84 88
38 97
13 12
81 84
74 94
39 25
31 48
16 92
65 5
40 15
6 85
53 51
30 67
52 26
20 37
29 77
82 89
4 83
18 36
60 86
82 24
54 35
78 8
23 60
28 52
79 17
4 18
63 22
94 50
78 87
95 70
45 22
72 19
43 15
24 80
36 13
91 34
80 59
96 72
40 93
1 64
73 54
11 41
58 71
16 27
43 42
49 87
74 46
7 70
42 3
58 21
50 28
83 2
55 66
55 65
69 32
76 97
19 2
39 47
92 91
68 95
66 85
34 10
29 75
7 48
90 33
31 90
81 51
75 71
14 59
105
23 1
53 1
1 2
1 97
79 1
1 41
94 1
1 27
1 42
1 69
54 1
76 1
1 47
1 32
1 15
44 1
13 1
103 1
1 8
61 1
85 1
1 83
1 16
18 1
1 73
84 1
14 1
1 80
1 91
40 1
1 49
62 1
36 1
30 1
1 19
1 89
1 21
1 74
1 71
11 1
1 50
1 101
1 57
33 1
34 1
100 1
46 1
3 1
66 1
1 24
9 1
99 1
1 102
1 59
1 35
1 10
1 78
70 1
1 6
1 63
20 1
1 38
56 1
37 1
22 1
1 96
75 1
1 67
1 77
43 1
1 25
72 1
26 1
1 58
31 1
7 1
29 1
1 28
1 95
1 92
1 52
81 1
87 1
1 93
105 1
65 1
1 45
60 1
12 1
1 55
1 48
1 68
1 51
1 90
1 86
1 17
5 1
4 1
1 82
88 1
64 1
104 1
98 1
39 1
123
12 31
62 107
35 10
49 115
63 36
52 58
43 120
75 16
12 15
111 95
109 60
87 39
30 116
76 52
68 116
122 117
56 106
72 26
33 115
47 34
17 4
85 97
114 79
25 106
45 79
103 1
114 54
7 3
8 78
10 107
64 67
38 20
46 82
38 110
96 14
90 81
9 81
50 118
48 101
102 121
3 120
66 13
41 27
33 11
48 97
89 95
110 60
104 30
29 68
71 121
63 94
74 14
83 21
37 69
92 36
84 20
102 34
119 75
89 96
19 69
62 119
28 123
91 112
17 113
19 9
87 57
40 5
24 118
4 66
18 122
15 23
37 41
72 51
99 86
47 73
5 45
76 77
18 70
61 22
32 73
32 51
42 123
64 105
90 57
80 105
22 40
93 104
55 94
112 23
71 2
7 82
88 42
6 50
83 2
44 11
16 24
44 46
59 109
85 111
25 84
35 26
88 103
31 93
78 27
13 74
77 43
29 8
108 80
54 86
21 55
113 98
56 28
92 98
49 99
61 91
59 6
58 70
39 53
65 53
101 100
67 100
108 65
70
36 33
56 60
23 15
7 63
53 61
21 60
56 64
52 59
17 21
68 14
45 43
58 37
19 6
41 13
55 27
16 67
9 38
25 10
42 5
43 12
16 61
5 35
4 53
22 51
57 69
12 69
19 64
36 39
2 25
3 48
31 66
42 65
47 62
48 33
45 30
57 38
22 34
54 11
68 40
50 8
11 23
4 47
65 44
18 29
62 51
70 46
66 20
32 70
3 29
41 63
54 49
39 27
40 55
20 26
59 14
7 24
35 67
15 30
26 17
34 24
1 28
49 10
37 9
58 13
2 50
52 31
32 18
46 8
28 6
144
86 36
96 1
58 97
30 106
26 4
50 10
117 55
40 14
20 72
93 6
61 8
14 99
6 51
138 113
64 139
46 30
113 23
101 22
101 89
80 98
90 116
47 134
35 21
57 37
129 63
41 101
39 85
97 7
131 65
6 136
112 32
114 66
63 76
26 93
19 62
99 56
11 53
105 106
112 16
73 123
131 68
5 2
76 77
138 11
83 67
29 129
117 30
81 115
11 107
20 51
43 111
96 52
49 135
31 74
77 88
143 137
42 109
38 47
95 92
90 85
113 78
132 118
104 39
86 106
87 16
3 126
27 53
121 93
51 123
123 80
102 131
129 106
101 51
39 48
81 137
34 101
59 68
47 96
79 124
10 18
3 53
101 15
111 54
111 124
35 127
50 48
109 13
1 39
17 67
110 47
131 142
142 132
106 47
143 108
62 110
91 37
1 119
109 94
138 69
130 90
45 115
82 47
144 20
64 140
33 39
45 75
27 58
120 134
91 100
106 92
54 51
3 28
127 142
6 47
70 26
3 24
108 106
132 37
133 44
87 3
19 9
1 64
141 138
143 109
27 125
63 135
142 1
12 130
123 71
122 10
110 128
1 53
84 15
103 11
60 85
2 81
77 74
67 132
115 25
42 61
47 14
119 44
114 33
71
25 15
71 39
33 7
14 12
1 16
5 69
52 16
20 59
55 45
54 3
15 38
71 52
61 6
48 32
53 57
66 59
41 10
9 10
63 57
70 53
21 38
37 61
2 3
58 21
20 65
63 62
30 24
22 9
46 47
48 24
19 60
28 65
37 13
5 31
23 33
26 45
18 62
50 64
36 50
47 11
12 31
32 41
67 4
67 42
28 2
44 14
18 35
39 55
26 44
49 66
42 25
68 51
40 36
43 27
6 8
22 29
68 17
13 29
30 46
40 54
34 17
34 56
70 8
56 43
35 7
11 19
51 23
58 64
60 69
49 27
87
1 22
6 1
1 65
52 1
1 60
37 1
1 87
1 55
11 1
1 64
1 19
23 1
86 1
66 1
68 1
21 1
1 38
1 9
61 1
57 1
1 2
5 1
1 45
31 1
79 1
73 1
1 29
1 41
85 1
1 47
1 80
1 18
43 1
1 16
1 54
1 27
1 62
1 70
1 8
1 25
34 1
69 1
1 71
4 1
58 1
1 32
1 44
63 1
3 1
1 51
1 53
1 74
1 83
1 40
59 1
33 1
81 1
77 1
1 7
75 1
72 1
13 1
1 24
50 1
10 1
1 76
30 1
14 1
1 82
1 56
49 1
1 36
35 1
1 12
1 17
1 20
1 48
1 26
39 1
42 1
67 1
1 46
1 84
1 78
1 15
28 1
64
14 63
30 25
13 37
30 3
3 20
47 30
18 10
39 19
44 31
8 34
64 10
4 56
60 3
24 22
23 15
31 48
1 10
50 33
7 53
46 55
7 50
28 20
54 41
4 49
57 13
36 3
13 1
59 64
13 58
40 8
6 37
2 17
16 15
17 32
1 55
63 10
43 41
4 63
35 28
40 45
26 36
29 24
40 27
21 32
24 10
19 12
36 11
17 18
3 33
15 20
42 22
22 52
58 62
14 9
54 25
31 8
51 36
40 13
38 16
28 12
61 36
30 13
1 5
110
29 8
31 6
37 108
41 22
45 22
6 67
2 87
41 5
106 60
88 109
102 37
2 91
8 43
39 17
105 97
109 29
7 50
59 99
44 71
51 100
20 86
63 74
85 106
103 31
110 34
90 68
43 105
60 100
58 72
68 91
51 82
48 40
93 96
9 58
61 7
1 32
73 95
59 50
11 21
35 99
24 90
56 39
64 32
35 52
65 15
66 101
47 44
84 85
36 10
5 18
14 54
53 107
110 65
62 3
57 23
27 18
74 70
47 79
19 71
9 30
98 75
95 77
15 57
62 79
83 28
96 67
55 78
80 102
19 86
3 21
64 46
76 38
92 45
49 92
25 101
36 55
24 40
104 77
23 13
69 14
12 10
4 54
78 72
73 33
107 82
94 26
33 83
80 27
87 84
103 49
34 26
16 97
81 17
56 46
89 88
52 11
30 13
16 4
38 104
25 76
108 42
81 61
42 63
94 28
93 53
75 48
98 69
70 12
20 66
86
4 68
29 45
58 77
33 86
28 16
42 66
62 40
32 3
83 8
26 13
72 50
33 43
56 31
37 74
11 65
78 52
73 76
76 59
47 38
25 75
46 82
70 10
48 55
5 59
68 12
67 54
22 61
39 57
27 34
15 75
30 44
16 55
69 61
44 79
60 63
65 21
51 67
85 48
12 70
9 1
21 6
83 17
86 49
81 46
13 62
84 63
10 40
42 81
28 6
66 77
18 11
79 37
74 78
23 41
84 47
50 19
19 69
4 35
38 7
26 36
14 64
20 15
71 34
36 80
30 85
45 24
82 41
51 23
25 2
24 3
56 57
20 17
14 39
5 64
80 53
54 49
22 60
18 73
72 27
58 53
43 71
35 29
32 31
2 9
8 52
131
82 4
66 47
83 42
110 67
94 71
64 55
63 33
13 106
54 20
118 51
66 72
130 65
8 117
58 75
12 60
106 87
3 11
92 105
5 84
87 45
78 44
46 116
10 88
28 57
11 55
117 48
87 5
26 126
123 84
26 46
32 48
11 108
125 70
22 3
30 62
88 52
87 103
4 79
12 51
106 48
89 38
88 35
92 107
62 106
34 61
96 18
68 63
19 74
86 126
36 106
126 50
104 91
100 64
55 77
58 70
4 18
119 84
116 42
41 11
40 58
23 126
98 67
78 7
86 131
73 5
65 63
57 91
95 62
47 87
21 41
10 69
11 15
42 25
93 37
113 49
99 43
86 27
64 78
114 120
93 59
106 31
46 85
24 129
53 18
73 9
1 75
24 106
37 114
56 55
67 46
90 31
39 85
55 76
112 24
91 54
130 106
14 9
111 126
43 105
84 76
16 102
81 91
97 47
122 5
110 6
17 87
71 88
46 105
89 105
124 70
87 49
5 46
128 50
115 46
48 109
80 117
75 5
128 102
60 117
127 75
37 91
121 41
2 101
81 75
81 74
88 1
61 17
29 72
2 92
116 18
52
35 24
36 47
29 38
1 10
34 33
5 38
32 39
3 5
51 4
38 23
1 7
12 41
49 1
52 1
20 43
35 9
49 43
37 32
8 51
41 21
28 15
51 1
41 42
23 26
26 6
41 45
24 11
49 45
36 45
51 32
49 40
16 13
51 44
44 46
24 22
12 18
26 15
24 31
14 50
2 18
1 30
1 50
17 1
25 33
49 34
13 21
24 19
23 30
48 45
27 6
1 24
87
11 49
28 69
86 83
84 15
81 65
26 78
49 82
9 37
5 14
39 12
50 16
44 68
66 54
62 70
33 23
42 79
30 2
2 62
10 53
80 25
27 83
13 53
14 75
38 26
76 63
41 42
63 55
31 22
21 46
61 81
15 43
21 56
35 60
74 18
41 48
8 73
34 58
61 9
34 11
44 60
80 13
45 4
85 1
6 46
40 51
57 77
17 5
29 6
36 54
37 64
3 84
29 8
24 20
64 66
32 47
79 76
19 71
28 17
50 31
39 40
87 23
19 24
59 85
56 45
72 7
22 57
67 36
18 52
33 75
3 16
4 52
59 30
20 87
69 12
7 78
77 67
70 58
86 55
35 73
68 10
82 65
51 72
27 43
74 32
25 71
47 48
53
28 44
53 37
32 29
7 31
11 9
52 32
38 30
5 42
4 53
20 12
51 24
47 2
52 15
34 49
2 25
48 38
16 18
11 3
26 27
14 39
30 47
13 21
36 28
47 42
6 5
8 5
32 12
29 3
33 2
40 52
10 33
32 35
28 29
2 18
7 3
14 46
13 42
43 29
42 26
51 35
32 47
36 22
19 31
30 45
28 17
41 36
1 47
23 37
14 2
37 5
26 50
9 34
77
14 2
16 56
52 65
58 25
3 54
51 41
62 48
61 6
10 7
72 60
70 46
18 37
55 40
20 29
67 27
56 35
65 76
23 35
4 15
20 59
22 57
47 53
38 74
8 5
24 60
68 66
30 50
54 70
17 31
16 44
64 44
52 77
11 73
4 71
71 48
67 50
17 34
39 22
47 49
24 51
19 32
34 36
43 23
9 3
31 6
42 1
32 5
14 46
62 29
2 55
7 75
68 74
11 43
39 8
38 72
26 28
45 42
13 15
27 36
63 40
73 9
19 64
53 66
58 21
28 12
18 13
45 69
75 41
57 33
21 49
61 37
26 30
63 77
33 59
76 69
25 12
115
102 94
96 30
82 86
108 4
80 69
37 15
2 91
74 106
82 59
40 113
105 70
17 91
63 96
64 13
9 104
43 44
105 58
111 4
54 94
90 74
102 77
20 107
42 71
1 21
6 104
41 81
29 90
78 28
79 67
106 68
55 19
76 33
29 23
13 49
5 27
105 18
107 97
32 98
42 3
85 39
114 19
57 54
30 114
41 70
53 9
98 92
72 9
87 103
63 51
42 23
34 16
52 8
96 4
34 30
45 90
73 56
75 69
44 38
115 7
100 50
14 25
103 34
88 73
11 104
63 109
76 65
35 13
89 19
84 85
103 61
45 1
39 25
76 89
85 94
12 102
83 68
113 64
110 54
21 114
16 99
47 16
48 78
53 31
93 15
84 113
86 8
95 8
44 55
79 10
98 39
70 29
106 15
24 112
64 69
24 26
50 40
86 74
73 89
36 50
55 78
107 72
31 91
5 60
53 21
31 5
7 62
84 45
101 82
40 24
41 46
79 72
25 66
68 22
23 7
103
5 52
70 66
91 44
32 88
37 93
75 25
3 72
40 38
25 50
8 79
49 59
28 62
59 53
73 84
51 100
43 90
50 80
7 69
46 45
22 92
97 44
67 101
11 91
95 55
86 10
34 103
1 96
87 63
37 88
4 60
86 33
103 17
51 33
43 35
11 56
58 82
102 36
81 95
78 29
89 77
81 32
49 20
9 14
77 60
42 58
26 65
14 41
97 84
99 83
61 87
62 85
34 73
68 69
64 72
94 6
26 17
3 47
56 67
75 47
76 8
65 46
74 28
82 80
74 63
2 23
2 30
71 21
35 53
15 22
16 23
6 61
31 99
52 64
85 19
21 27
94 96
101 16
18 89
90 48
13 10
45 4
41 38
12 9
18 71
31 57
15 48
24 12
42 70
40 29
39 93
19 57
79 7
92 68
66 78
102 83
5 98
54 36
98 100
13 27
76 24
30 39
55 54
107
73 11
84 51
41 3
88 66
97 101
10 5
7 1
43 12
66 36
43 24
57 84
54 58
85 27
53 67
24 1
35 70
53 77
55 16
24 45
31 32
99 18
64 55
57 62
54 71
64 59
52 65
2 43
58 95
14 18
25 4
64 91
60 50
76 16
23 55
68 66
85 70
5 83
42 62
44 4
106 104
52 72
66 87
51 89
5 4
72 33
54 79
52 83
54 84
94 70
27 105
96 84
92 54
88 20
32 99
90 41
102 94
30 71
41 37
63 53
54 1
89 78
64 28
77 56
97 9
107 84
43 75
48 34
15 83
86 16
17 98
54 48
106 68
97 19
68 101
107 74
9 38
27 8
85 100
60 51
90 70
103 47
34 40
68 54
16 93
24 32
2 82
29 43
55 68
51 13
61 107
21 82
70 11
51 81
39 57
49 42
80 51
98 47
6 16
22 36
66 46
5 26
13 69
101 47
94 52
70 24
53 57
118
95 74
19 111
53 86
17 35
41 113
53 85
84 8
54 35
71 110
52 12
105 58
101 25
18 5
106 77
35 1
23 4
69 63
105 53
115 45
62 50
32 25
86 100
44 20
7 64
11 99
98 62
112 43
6 42
1 25
45 62
12 23
31 99
11 117
21 32
107 44
99 88
37 29
8 91
56 23
43 23
33 1
58 80
77 38
29 35
99 1
105 63
98 105
5 117
34 97
116 49
15 53
38 71
99 4
12 108
78 91
82 53
4 20
53 10
82 14
1 38
68 35
39 89
11 94
104 42
90 7
2 57
99 75
55 117
28 58
89 77
65 58
111 6
67 22
12 97
118 30
47 14
110 51
12 95
93 12
103 73
62 41
48 70
53 40
46 11
23 49
114 105
105 75
30 61
23 8
53 16
2 85
76 35
58 36
13 45
33 9
107 72
38 96
81 60
110 3
27 51
24 59
87 62
43 92
72 60
59 56
83 56
70 110
75 30
103 59
1 26
28 102
99 64
4 42
38 22
109 45
66 41
87 79
125
1 103
1 79
104 1
1 65
123 1
27 1
116 1
1 5
24 1
1 92
1 17
1 80
1 19
16 1
1 38
91 1
1 84
45 1
1 33
50 1
1 37
9 1
1 52
1 12
1 88
1 51
1 122
1 95
1 120
74 1
25 1
46 1
39 1
54 1
15 1
1 43
1 106
72 1
1 101
93 1
35 1
98 1
1 86
1 77
78 1
10 1
70 1
1 30
1 119
1 31
1 124
117 1
1 14
1 85
13 1
1 6
1 4
82 1
1 112
81 1
1 57
1 115
1 3
1 75
36 1
1 97
1 58
1 48
1 83
1 42
87 1
121 1
20 1
64 1
1 22
1 66
8 1
29 1
76 1
1 107
1 67
1 7
26 1
1 21
1 44
61 1
1 73
96 1
90 1
1 49
63 1
1 99
55 1
1 18
105 1
94 1
32 1
109 1
1 11
69 1
1 47
1 68
1 53
102 1
1 113
71 1
1 59
125 1
1 41
56 1
110 1
1 118
111 1
1 2
89 1
1 100
1 40
114 1
62 1
60 1
1 28
34 1
23 1
1 108
113
1 70
1 68
98 1
1 83
1 33
1 17
94 1
1 57
47 1
105 1
41 1
1 54
15 1
91 1
113 1
1 51
75 1
1 77
1 92
1 58
1 5
106 1
1 29
1 23
1 74
21 1
104 1
31 1
56 1
81 1
1 62
90 1
66 1
12 1
103 1
1 64
18 1
101 1
1 45
1 14
1 36
48 1
1 59
1 87
60 1
1 102
1 84
76 1
72 1
38 1
1 78
11 1
1 42
34 1
1 100
1 65
50 1
1 24
1 107
63 1
1 85
1 110
1 27
95 1
97 1
30 1
1 8
1 111
1 37
1 96
1 46
1 69
1 13
1 25
1 61
93 1
112 1
1 6
1 20
43 1
80 1
1 7
1 10
1 40
1 109
44 1
52 1
1 89
108 1
4 1
1 39
26 1
1 71
1 49
1 16
1 9
1 67
1 86
1 88
73 1
1 28
55 1
79 1
22 1
32 1
3 1
1 2
1 53
1 82
19 1
1 99
35 1
77
39 76
58 18
15 1
3 29
21 35
13 51
4 7
74 25
19 1
45 34
62 54
61 24
28 77
13 27
44 7
47 55
9 74
40 34
10 57
36 61
59 53
35 57
47 30
66 36
49 65
3 18
49 66
59 2
39 1
1 49
18 74
28 52
53 27
12 34
57 71
75 38
29 67
73 41
1 72
73 18
40 54
40 42
53 46
71 70
74 45
23 58
34 49
47 38
35 20
14 7
48 64
60 34
49 28
22 36
31 15
26 75
6 1
26 1
3 63
60 64
36 69
47 37
32 45
16 31
17 62
39 11
70 33
43 53
44 50
57 40
27 5
7 26
68 9
8 38
53 38
56 31
74
1 25
62 1
1 17
47 1
14 1
46 1
10 1
21 1
5 1
1 37
1 41
1 70
1 43
53 1
1 32
36 1
1 50
1 22
1 40
1 34
1 11
30 1
28 1
39 1
1 51
1 35
9 1
1 12
71 1
1 23
31 1
2 1
73 1
56 1
52 1
1 8
16 1
1 67
44 1
54 1
1 74
1 61
64 1
1 20
19 1
1 42
45 1
57 1
1 72
1 15
1 18
29 1
59 1
26 1
4 1
1 65
1 49
69 1
13 1
1 68
3 1
58 1
24 1
1 55
1 27
33 1
1 66
1 7
38 1
1 60
48 1
1 6
63 1
55
14 12
26 8
47 22
5 50
5 27
13 49
40 20
45 46
30 15
17 10
32 31
34 49
43 40
37 16
8 9
25 33
35 24
28 26
22 28
3 32
51 12
35 21
1 11
7 52
4 53
27 48
27 14
26 1
35 18
12 23
39 16
2 39
45 38
53 44
11 34
21 36
17 6
1 7
7 27
44 35
1 40
3 55
39 1
54 45
41 40
39 54
25 14
19 33
32 18
29 17
12 42
27 18
30 17
17 41
87
22 56
15 48
20 75
25 5
44 36
20 40
51 37
38 72
66 77
68 76
18 32
7 28
71 65
60 74
47 86
22 64
40 56
50 23
67 31
37 74
41 22
25 45
42 23
76 32
78 41
40 53
25 39
33 36
45 26
48 9
3 45
31 69
67 80
60 11
46 18
59 47
37 1
2 12
13 24
52 42
26 27
12 35
54 18
83 77
42 77
3 51
46 36
64 29
24 14
34 24
4 80
6 80
14 12
56 54
11 85
70 53
32 58
11 48
60 67
41 87
20 10
21 85
76 73
84 46
74 52
64 79
16 84
30 26
86 71
8 28
52 63
49 47
63 38
62 53
57 85
58 43
3 14
31 17
38 19
82 84
28 63
55 23
54 1
71 81
51 86
58 61
104
72 1
1 62
73 1
1 89
1 74
70 1
43 1
1 44
1 65
96 1
1 87
1 94
1 19
4 1
1 45
93 1
1 79
29 1
75 1
1 60
1 64
37 1
51 1
1 92
1 84
1 21
1 26
1 82
83 1
68 1
10 1
1 33
95 1
104 1
103 1
23 1
1 30
1 101
58 1
1 49
50 1
1 17
52 1
1 3
1 59
99 1
67 1
1 76
1 18
77 1
1 24
8 1
25 1
1 32
22 1
1 9
1 100
78 1
1 46
1 28
1 13
1 97
1 86
1 2
1 56
1 48
11 1
14 1
15 1
69 1
55 1
61 1
6 1
91 1
16 1
66 1
57 1
5 1
1 39
1 71
1 34
1 53
1 98
54 1
27 1
12 1
1 90
1 80
41 1
31 1
20 1
1 63
42 1
102 1
1 35
1 36
7 1
88 1
1 85
1 40
1 81
1 47
38 1
134
31 87
67 131
15 8
120 30
132 66
80 114
51 117
86 125
118 109
15 121
50 71
30 33
54 26
96 32
77 129
41 3
15 134
13 87
6 102
33 10
123 99
37 125
121 14
22 35
95 24
114 13
75 4
49 119
89 103
113 66
1 103
103 117
60 74
115 133
65 16
126 61
39 61
50 22
106 125
124 17
99 78
66 21
46 109
13 29
112 29
108 30
47 48
84 5
55 64
49 131
38 68
70 24
71 89
105 69
93 50
25 133
9 109
10 121
104 105
110 104
61 57
47 20
4 28
1 49
23 93
18 31
40 67
10 119
40 60
92 65
47 127
54 73
67 20
65 56
79 52
96 91
55 131
56 4
97 122
72 32
22 53
78 128
106 63
9 11
43 63
122 19
105 2
7 52
107 14
116 41
60 98
90 42
21 54
71 56
36 96
21 72
89 72
99 76
77 32
106 55
59 93
133 20
68 62
117 128
24 78
58 110
111 77
5 40
12 27
101 11
126 90
12 51
12 124
83 5
31 119
27 44
130 6
124 45
100 27
34 63
85 11
128 126
110 81
64 68
9 87
6 18
88 14
94 114
104 51
33 122
90 82
52 64
41 18
125
61 92
14 114
18 119
82 124
46 61
39 40
66 92
61 123
3 26
90 2
80 26
16 29
89 73
63 95
73 45
34 2
66 86
38 36
28 12
44 93
45 96
56 65
1 120
62 84
100 74
57 70
79 66
71 47
10 111
119 1
31 41
1 90
88 86
94 100
19 46
55 100
98 3
50 108
39 107
121 74
76 28
103 1
88 43
45 36
92 105
99 115
10 107
61 21
32 90
114 81
62 41
7 91
72 68
65 116
78 90
119 100
66 54
58 23
29 124
122 29
28 119
83 118
44 77
63 7
81 63
62 122
33 44
98 106
91 69
102 52
20 35
59 17
60 113
8 72
65 15
26 22
50 86
47 22
109 27
87 105
25 102
5 103
14 115
58 1
13 52
72 67
118 24
6 30
44 1
65 27
61 35
62 112
59 100
41 110
117 101
75 112
118 49
97 61
92 40
103 6
40 63
8 119
62 105
85 87
61 104
109 11
110 125
86 60
72 42
118 1
64 31
40 102
105 1
37 94
53 45
27 101
48 4
70 81
9 22
105 65
26 78
51 87
36 63
52 48
118
107 105
33 4
83 69
78 36
93 54
60 22
97 25
102 51
28 61
10 115
35 63
87 42
6 106
87 36
107 52
14 62
78 34
101 95
30 37
102 86
39 112
116 77
92 76
3 59
118 10
101 70
44 89
87 14
88 39
51 25
14 99
19 35
11 99
113 4
98 48
81 110
82 38
87 18
86 74
33 37
27 47
25 46
5 36
112 89
92 13
1 107
74 29
18 16
91 105
87 71
62 85
101 77
56 29
50 80
51 65
70 32
10 1
50 100
53 93
72 40
50 87
79 52
12 101
111 18
50 43
11 84
35 7
17 52
23 37
64 14
83 1
83 9
73 103
22 87
70 15
32 75
4 81
39 61
82 18
35 37
102 21
36 39
101 106
109 107
23 57
102 27
107 95
33 68
16 103
31 52
36 48
102 41
3 2
24 83
91 90
8 5
1 87
117 50
57 26
13 23
115 66
1 96
67 63
2 20
108 80
72 80
107 59
10 53
91 104
87 37
86 61
18 114
52 49
55 52
94 55
104 58
45 90
122
45 74
73 93
98 4
119 71
2 112
80 42
85 101
103 12
27 112
113 78
62 110
15 58
88 4
104 47
57 114
19 89
69 3
42 38
26 7
65 51
102 24
121 55
115 81
5 64
48 41
24 49
120 30
85 61
90 34
56 41
97 31
79 37
77 92
39 47
75 105
66 30
70 11
70 49
25 22
23 19
21 16
97 26
79 36
8 11
25 36
7 16
107 111
6 76
9 48
28 111
61 82
76 35
72 108
54 100
31 33
38 59
83 101
110 45
75 5
27 15
82 87
46 37
29 23
80 106
10 63
54 55
90 65
71 14
119 94
17 43
50 29
67 62
13 86
12 99
9 86
91 93
20 57
63 100
40 74
72 53
96 94
116 105
58 56
50 102
52 121
113 69
117 6
116 68
106 89
20 51
88 3
108 39
83 60
59 99
109 87
81 60
98 122
52 114
8 91
40 44
104 2
117 120
35 68
77 64
34 84
78 66
73 109
44 46
32 1
43 33
122 22
13 28
118 17
107 67
92 95
14 53
118 18
96 115
21 103
32 95
18 84
62
42 30
17 33
57 59
1 27
24 60
25 56
28 13
1 3
1 24
19 58
4 42
11 19
25 15
55 59
17 5
21 1
54 14
59 44
35 6
37 46
3 28
50 47
17 62
18 22
37 60
26 60
12 17
23 35
27 52
62 39
31 45
34 5
8 45
48 36
15 32
47 10
17 42
8 15
5 18
8 36
50 49
1 47
30 38
20 39
29 35
51 42
19 21
47 61
16 17
32 2
44 53
44 61
49 9
15 1
41 1
1 30
46 35
40 60
14 18
12 43
21 7
143
70 6
1 114
86 30
76 14
128 8
97 112
97 100
34 88
40 83
41 130
135 9
111 1
54 119
116 98
28 22
44 127
96 138
87 1
119 33
137 77
94 51
12 102
51 26
136 63
54 60
26 109
88 15
115 32
67 112
95 101
20 31
49 18
77 117
99 132
12 120
103 134
34 65
90 55
58 75
40 96
97 12
55 111
1 88
23 133
88 13
111 18
47 8
16 114
74 66
122 120
84 72
21 104
130 108
82 37
135 134
18 143
81 142
35 65
95 93
91 13
123 79
88 124
47 123
44 100
132 52
22 62
41 39
104 36
77 111
25 1
56 101
77 93
137 50
137 58
48 53
111 98
47 3
128 2
131 26
85 2
1 30
42 84
118 5
140 96
106 127
88 71
138 58
131 69
84 48
10 130
49 129
37 64
43 39
80 12
128 68
34 139
93 125
86 141
40 27
60 89
29 95
119 1
118 92
38 105
110 78
65 130
115 44
78 37
1 128
52 95
6 130
19 81
7 114
14 65
61 30
97 37
104 135
113 98
126 65
65 59
92 34
35 57
121 62
74 25
42 12
4 39
65 135
26 37
24 6
87 107
62 98
65 142
13 45
132 73
46 108
133 117
105 101
114 17
63 108
1 37
97 11
20 93
128
41 1
36 1
1 84
1 128
62 1
1 75
1 118
1 101
47 1
44 1
1 89
1 5
1 35
30 1
1 69
122 1
57 1
1 52
39 1
116 1
1 71
96 1
1 119
1 51
1 28
1 21
1 4
1 80
1 55
94 1
1 109
64 1
8 1
78 1
1 82
50 1
90 1
1 23
1 104
53 1
1 22
45 1
1 105
1 54
81 1
1 88
1 58
11 1
93 1
86 1
92 1
83 1
1 114
113 1
1 123
1 77
1 13
106 1
1 112
1 24
1 103
126 1
1 26
1 102
34 1
1 97
68 1
1 66
1 3
15 1
33 1
1 31
124 1
120 1
10 1
87 1
108 1
1 99
29 1
117 1
1 125
76 1
46 1
1 9
73 1
6 1
1 17
38 1
1 18
1 127
70 1
1 27
1 19
37 1
1 111
63 1
98 1
43 1
85 1
25 1
67 1
1 100
74 1
7 1
1 121
1 79
20 1
1 42
65 1
1 32
95 1
16 1
1 59
12 1
1 110
1 72
1 91
56 1
60 1
1 61
107 1
2 1
14 1
40 1
1 49
1 48
1 115
149
38 21
87 134
38 66
20 47
52 145
81 86
56 48
98 51
74 58
77 110
96 14
66 24
28 15
1 104
96 44
137 35
18 85
71 63
83 48
34 97
70 108
47 6
71 2
79 35
118 137
13 111
96 29
99 90
129 37
50 34
144 137
8 144
102 114
75 134
62 107
65 138
47 27
102 80
130 56
129 111
129 33
133 131
141 13
35 58
85 100
31 132
100 8
131 16
105 26
36 11
94 6
36 121
17 123
99 87
46 53
90 104
103 124
79 117
93 123
62 73
127 135
124 31
131 120
10 142
59 41
4 117
66 39
49 24
118 1
61 40
7 31
148 101
94 64
89 147
22 81
128 17
38 76
122 145
54 58
48 118
93 116
15 43
10 3
140 92
78 14
123 56
55 103
42 105
46 86
146 106
93 32
14 70
40 133
84 85
25 59
71 54
65 88
148 5
15 97
144 92
13 72
87 36
4 109
40 60
145 117
12 82
67 34
99 86
127 104
126 102
62 68
9 81
79 97
136 103
115 24
135 124
83 68
119 98
69 17
89 125
78 6
147 105
100 91
12 130
74 148
111 8
46 30
10 68
127 39
45 106
19 134
78 90
83 114
94 143
23 140
39 147
140 113
65 74
89 149
135 133
4 95
54 59
70 57
98 130
112 12
77 92
114 106
77 139
110
62 46
47 43
99 78
62 40
91 64
44 98
60 35
99 36
101 42
75 95
30 110
63 33
89 55
18 71
27 105
69 3
37 7
59 54
56 106
18 24
84 57
98 34
88 59
31 40
4 109
45 82
106 48
12 37
75 68
104 11
103 28
8 17
19 36
102 39
39 6
77 32
25 60
66 68
107 93
85 61
97 56
53 78
82 104
108 11
84 2
50 77
109 43
71 46
79 81
92 61
93 65
35 86
57 1
91 88
58 15
2 23
69 29
87 89
107 34
85 101
30 108
80 20
50 73
24 22
70 74
48 96
67 15
10 3
66 83
13 52
103 19
100 38
52 63
110 87
16 80
13 17
44 38
31 49
33 90
79 16
8 72
53 5
70 41
26 9
12 28
94 5
73 83
90 76
74 51
67 96
14 10
95 20
49 97
9 64
94 42
4 32
22 81
21 76
65 21
45 58
54 29
7 6
14 25
92 51
105 72
27 47
26 55
86 23
102 100
56
35 44
5 46
47 11
31 37
32 20
56 15
41 38
21 33
46 9
19 29
53 22
6 32
42 3
22 56
50 40
47 25
16 26
9 18
10 29
49 16
45 54
50 54
27 55
30 49
35 23
13 21
12 39
27 39
51 43
30 51
1 45
31 2
34 10
33 2
19 36
4 28
14 4
28 17
40 38
25 13
43 53
34 55
14 8
20 48
48 11
42 44
41 12
52 5
24 37
7 6
7 52
17 18
36 15
24 3
26 23
84
44 57
66 23
63 71
34 62
5 83
7 28
2 29
44 35
81 2
11 70
13 39
80 11
50 65
20 52
62 83
37 46
19 41
1 77
46 56
60 20
59 2
10 17
39 82
1 14
65 69
58 73
74 36
61 45
50 78
1 43
17 71
20 15
1 70
84 73
27 76
55 18
59 53
14 51
23 73
9 1
2 9
65 49
40 11
32 65
26 16
33 84
17 51
56 47
67 83
67 7
48 9
74 65
73 9
45 14
3 62
14 16
50 1
35 21
5 70
64 46
73 6
8 33
49 30
38 24
29 54
29 39
18 46
17 31
79 9
23 42
14 27
69 12
35 2
1 75
4 54
25 8
19 20
46 22
9 72
20 35
73 18
68 11
38 29
105
99 2
36 104
80 48
25 47
32 23
61 49
35 90
68 7
76 86
40 42
39 89
95 90
29 13
88 42
20 1
45 41
100 49
88 66
62 69
21 74
38 67
25 86
20 52
32 16
4 50
23 105
51 58
27 56
92 53
10 93
66 77
80 5
63 79
51 84
52 21
50 63
18 105
38 43
80 100
1 48
46 38
81 61
10 31
29 101
46 69
99 91
17 34
27 13
102 66
72 13
15 24
19 60
91 37
54 47
75 61
8 15
22 44
46 36
21 51
63 59
105 103
64 89
28 36
69 9
92 78
50 5
16 2
12 42
14 15
91 83
11 74
3 71
73 27
30 4
82 17
99 22
47 96
100 88
41 23
93 5
16 48
29 104
28 17
55 86
71 93
94 89
71 70
26 10
20 104
4 57
68 49
101 98
74 85
19 28
33 68
2 25
22 87
101 65
52 8
90 8
32 64
92 64
19 6
97 41
69
31 1
20 16
60 48
16 41
36 14
1 56
18 51
52 43
24 49
25 37
58 2
47 32
8 60
56 33
5 62
23 45
21 12
38 64
40 65
44 38
10 46
63 56
63 44
7 21
39 23
50 57
52 34
30 54
67 32
15 38
21 55
50 29
37 3
69 25
46 57
69 67
68 7
33 45
28 68
61 24
23 4
36 6
65 9
5 25
50 59
24 45
63 27
42 31
22 60
33 7
57 67
27 30
27 36
66 16
46 19
66 65
5 53
11 37
26 2
30 17
35 51
48 42
32 51
42 66
13 68
31 69
2 48
52 44
97
66 82
64 30
22 24
36 93
49 78
70 8
54 65
48 82
60 91
20 90
15 51
7 13
83 84
78 46
21 35
26 11
31 17
71 67
57 89
84 28
94 48
86 40
59 75
95 53
27 50
76 77
61 76
24 51
57 69
52 3
25 91
95 20
33 87
16 88
58 74
90 45
32 23
15 33
27 12
58 97
22 79
17 5
34 14
96 19
6 26
41 64
43 77
44 85
92 4
31 85
47 9
79 49
44 2
38 29
68 54
55 67
89 68
69 12
18 74
61 93
38 35
39 47
37 5
10 28
80 36
94 65
10 92
75 52
6 46
40 32
62 18
23 72
70 66
62 71
1 42
53 16
42 13
3 55
37 56
29 63
81 83
9 60
88 63
43 2
4 34
56 25
97 19
39 50
21 73
41 11
72 81
14 7
8 73
59 86
45 30
96 80
72
10 34
9 40
36 12
50 47
58 54
65 66
64 59
15 13
16 24
64 11
31 65
42 22
3 14
2 61
68 8
35 6
37 13
41 46
18 21
55 19
57 28
23 17
59 70
27 52
11 32
5 36
25 57
28 43
31 26
44 49
53 52
24 9
39 68
33 51
10 4
43 34
70 21
42 33
56 63
69 30
39 17
46 35
25 51
72 7
16 47
38 27
23 1
49 45
53 29
56 62
15 8
67 6
40 45
29 18
61 69
3 63
5 67
2 50
32 72
4 48
20 38
44 60
20 48
71 7
60 54
71 26
41 55
12 30
58 22
14 19
37 62
99
41 93
90 14
85 58
88 34
76 13
95 17
1 32
25 74
4 47
9 67
61 36
48 81
2 80
62 6
51 87
50 6
79 30
11 94
57 82
73 58
44 87
68 46
71 50
19 77
72 42
33 43
69 20
66 13
54 56
69 22
86 91
64 95
21 85
38 56
77 76
60 30
37 81
39 28
90 42
98 25
27 10
54 63
36 11
75 99
96 14
5 59
16 91
35 89
53 79
26 37
68 12
41 73
82 97
59 33
72 5
92 48
97 3
96 15
19 75
80 94
99 7
63 39
24 34
40 20
8 52
3 32
45 38
70 86
49 78
47 53
51 12
83 9
62 93
43 65
92 21
49 84
65 23
27 57
18 10
66 74
35 55
46 8
78 29
17 22
40 55
28 83
70 61
52 31
44 88
26 24
31 84
60 23
29 18
45 7
2 71
4 98
64 15
16 89
115
76 39
36 10
25 101
94 113
16 55
40 22
61 64
65 53
12 40
48 51
112 47
39 65
65 109
6 74
15 29
28 84
27 18
76 31
74 34
8 70
37 67
12 45
25 86
77 96
92 41
71 75
10 76
104 94
80 97
68 25
73 68
75 5
1 45
22 46
100 11
59 60
15 18
32 49
59 75
16 66
65 28
17 1
94 114
85 87
89 104
50 66
70 79
16 33
65 4
65 34
95 106
58 14
53 63
113 62
21 82
26 37
23 28
19 110
64 90
20 49
28 1
51 7
110 43
66 92
70 115
54 82
57 20
83 87
1 18
69 74
71 98
75 6
51 5
58 64
56 63
81 104
13 22
3 72
83 3
95 41
71 38
102 49
34 55
16 44
45 79
107 15
94 1
16 47
79 37
114 42
86 2
7 99
29 91
24 6
77 47
1 52
48 35
61 93
61 86
86 79
51 9
43 79
54 78
14 111
94 20
97 30
11 34
68 97
103 70
108 84
6 105
37 87
87 88
68 54
125
55 52
98 59
117 41
66 28
34 47
23 36
118 8
65 51
69 65
121 123
56 74
119 48
53 71
40 30
84 51
75 78
99 67
116 43
44 27
88 50
2 60
101 106
121 63
90 103
57 62
106 36
102 117
122 29
47 19
120 96
115 113
52 97
14 25
18 124
114 112
26 54
7 22
93 103
32 74
68 99
39 26
42 63
116 49
17 90
41 56
3 45
118 11
80 87
11 94
119 98
95 72
19 107
76 37
70 81
115 122
79 89
31 58
77 101
83 72
13 88
31 35
91 75
105 42
46 113
38 32
100 57
110 37
28 45
13 92
62 4
64 69
87 22
71 111
85 73
8 21
120 58
55 125
53 46
102 104
108 30
83 40
6 50
80 4
109 61
27 18
48 111
109 2
82 24
34 25
20 78
112 125
86 44
92 43
95 59
21 108
104 100
73 15
9 5
23 66
105 107
10 124
17 70
64 81
91 97
96 49
77 94
29 14
12 86
16 33
10 60
7 9
12 89
93 20
33 67
84 110
39 123
114 16
38 1
54 15
61 35
3 82
68 85
5 76
24 6
443
245 334
33 389
264 204
95 203
226 129
297 150
355 254
86 101
67 301
114 40
222 310
130 337
288 218
54 196
286 108
443 303
398 199
320 399
432 145
170 344
112 240
201 210
276 151
339 288
190 59
435 18
26 347
254 402
401 293
31 313
411 218
285 110
47 345
196 211
37 113
79 410
211 134
117 100
321 249
436 396
185 84
149 125
377 210
239 440
382 290
92 81
102 153
246 134
105 346
4 74
421 353
225 305
173 244
166 215
251 345
279 302
61 270
307 406
343 21
25 41
405 359
155 300
391 200
68 352
163 331
143 256
202 140
97 226
302 372
337 351
387 399
250 9
224 360
439 40
70 17
183 319
369 24
439 99
151 326
249 154
93 262
123 384
364 341
203 195
115 322
350 354
404 340
168 401
232 395
54 421
336 7
109 216
42 64
298 228
381 278
69 425
347 323
215 252
2 47
181 252
309 323
357 379
412 239
61 111
394 304
434 371
152 324
138 201
271 178
51 333
179 137
78 128
376 227
354 105
82 412
224 289
51 98
1 374
356 162
327 34
247 189
121 44
352 284
102 420
335 19
72 426
153 44
371 15
276 300
280 38
193 187
91 380
306 237
349 36
392 433
237 360
321 309
262 8
173 294
433 269
186 66
157 217
190 91
94 114
328 303
67 183
136 162
111 250
228 310
200 375
363 43
257 184
275 428
177 62
331 422
142 397
316 191
25 127
430 14
295 285
438 145
125 179
176 123
255 205
97 60
330 291
131 355
216 57
148 325
324 103
120 384
34 56
273 243
182 351
64 330
356 119
234 124
372 20
23 268
110 119
107 386
212 136
156 5
32 346
73 301
192 73
336 48
392 42
101 388
329 233
9 375
22 89
429 290
415 398
213 115
219 99
204 84
209 348
148 430
75 424
378 146
139 103
209 176
135 283
121 78
295 236
129 442
13 36
63 85
367 427
191 311
213 62
142 168
16 33
31 385
389 149
390 205
57 219
440 68
423 165
63 235
207 434
208 432
315 174
416 341
261 198
108 326
37 116
378 442
287 418
353 225
163 165
170 413
275 208
5 274
277 221
106 318
427 154
199 32
340 169
436 268
258 296
24 415
338 231
282 266
414 291
52 82
373 258
223 49
39 229
133 273
80 7
358 202
90 60
376 267
22 382
10 286
368 147
417 144
28 264
318 43
192 370
413 35
126 438
94 135
27 166
420 314
41 75
58 278
272 30
19 156
141 265
206 89
65 312
243 139
269 335
35 86
112 293
362 329
118 359
274 248
45 169
3 361
245 157
261 144
231 304
45 180
158 266
238 10
122 395
306 416
79 282
171 397
150 118
364 317
328 366
72 193
58 428
120 385
20 65
93 390
11 233
235 158
76 182
26 319
257 267
441 374
49 126
83 241
6 147
50 46
270 138
370 272
408 132
81 369
132 104
247 419
277 299
15 431
155 83
441 220
8 400
70 100
11 39
12 175
140 259
402 164
206 71
409 296
159 263
194 357
251 404
426 159
423 172
98 315
38 229
90 417
160 181
96 425
137 391
406 313
316 260
133 29
141 246
131 230
80 393
377 109
66 3
16 88
77 53
437 85
283 366
152 88
6 437
76 299
342 53
414 263
55 117
4 342
167 292
160 367
241 23
307 55
388 411
222 30
188 234
14 260
28 174
339 50
348 212
46 124
279 259
396 167
214 424
56 189
256 253
69 400
106 373
292 343
242 177
77 221
161 87
198 175
410 362
48 386
314 271
214 312
240 2
405 344
361 207
383 443
280 419
322 113
242 59
379 403
349 287
393 308
281 13
317 407
17 308
284 365
223 52
408 21
350 220
130 178
265 12
180 96
334 71
18 227
365 294
107 161
435 95
383 143
358 418
187 188
164 172
320 407
171 253
128 186
104 244
429 363
194 127
431 298
116 394
368 27
197 297
122 248
232 403
338 195
381 92
255 184
387 29
332 289
146 238
185 230
325 409
281 422
305 333
217 327
311 332
87 74
197 380
